32
16
120.72610
120.68397
120.55724
120.34481
120.04486
119.65482
119.17132
118.59019
117.90642
117.11405
116.20618
115.17486
114.01099
112.70421
111.24279
109.61347
107.80124
105.78914
103.55795
101.08583
98.34787
95.31549
91.95566
88.22985
84.09257
79.48933
74.35354
68.60170
62.12512
54.77319
46.31085
36.27415
163.98822
163.92653
163.74094
163.42984
162.99058
162.41938
161.71132
160.86031
159.85898
158.69865
157.36920
155.85900
154.15473
152.24126
150.10144
147.71588
145.06265
142.11699
138.85084
135.23237
131.22528
126.78799
121.87250
116.42296
110.37359
103.64587
96.14442
87.75076
78.31359
67.63297
55.43587
41.35182
204.07050
203.98977
203.74690
203.33981
202.76501
202.01757
201.09107
199.97752
198.66733
197.14913
195.40975
193.43397
191.20445
188.70144
185.90262
182.78273
179.31327
175.46210
171.19284
166.46430
161.22967
155.43546
149.02019
141.91268
134.02973
125.27292
115.52428
104.64012
92.44227
78.70601
63.14462
45.39405
241.01100
240.91193
240.61387
240.11428
239.40887
238.49161
237.35463
235.98816
234.38045
232.51759
230.38346
227.95948
225.22443
222.15423
218.72164
214.89591
210.64240
205.92206
200.69088
194.89911
188.49043
181.40075
173.55688
164.87463
155.25650
144.58856
132.73645
119.53995
104.80616
88.30093
69.73934
48.77654
274.84643
274.72986
274.37916
273.79133
272.96135
271.88213
270.54445
268.93683
267.04548
264.85411
262.34381
259.49282
256.27633
252.66618
248.63057
244.13365
239.13512
233.58966
227.44628
220.64762
213.12895
204.81703
195.62873
185.46924
174.22984
161.78518
147.98978
132.67384
115.63824
96.64901
75.43205
51.66953
305.61177
305.47870
305.07834
304.40730
303.45985
302.22791
300.70098
298.86601
296.70730
294.20634
291.34162
288.08845
284.41866
280.30037
275.69757
270.56979
264.87156
258.55193
251.55375
243.81293
235.25748
225.80646
215.36855
203.84052
191.10523
177.02930
161.46042
144.22418
125.12074
103.92158
80.36711
54.16631
333.34004
333.19160
332.74500
331.99645
330.93960
329.56546
327.86233
325.81572
323.40816
320.61910
317.42466
313.79746
309.70629
305.11584
299.98635
294.27314
287.92619
280.88954
273.10064
264.48962
254.97838
244.47955
232.89528
220.11585
206.01802
190.46315
173.29520
154.33851
133.39574
110.24623
84.64528
56.32537
358.06198
357.89942
357.41038
356.59069
355.43343
353.92877
352.06395
349.82314
347.18730
344.13400
340.63725
336.66721
332.18996
327.16714
321.55561
315.30702
308.36730
300.67616
292.16643
282.76332
272.38365
260.93484
248.31394
234.40637
219.08462
202.20687
183.61550
163.13568
140.57427
115.71908
88.33921
58.18667
379.80581
379.63052
379.10316
378.21929
376.97143
375.34902
373.33834
370.92237
368.08066
364.78914
361.01990
356.74096
351.91598
346.50393
340.45872
333.72879
326.25660
317.97816
308.82237
298.71037
287.55482
275.25902
261.71606
246.80783
230.40400
212.36099
192.52101
170.71124
146.74334
120.41339
91.50257
59.77887
398.59699
398.41045
397.84925
396.90866
395.58075
393.85432
391.71479
389.14412
386.12062
382.61878
378.60903
374.05753
368.92585
363.17066
356.74334
349.58958
341.64894
332.85428
323.13128
312.39775
300.56301
287.52713
273.18023
257.40168
240.05934
221.00885
200.09307
177.14171
151.97125
124.38534
94.17560
61.12301
414.45804
414.26182
413.67151
412.68214
411.28538
409.46948
407.21916
404.51548
401.33570
397.65309
393.43668
388.65105
383.25602
377.20630
370.45117
362.93405
354.59206
345.35554
335.14751
323.88313
311.46910
297.80303
282.77283
266.25610
248.11960
228.21878
206.39751
182.48805
156.31140
127.67790
96.38825
62.23435
427.40830
427.20405
426.58960
425.55977
424.10592
422.21584
419.87366
417.05971
413.75040
409.91797
405.53033
400.55076
394.93764
388.64412
381.61776
373.80016
365.12649
355.52507
344.91686
333.21495
320.32402
306.13984
290.54873
273.42707
254.64096
234.04594
211.48690
186.79837
159.80515
130.32339
98.16192
63.12294
437.46383
437.25327
436.61984
435.55821
434.05948
432.11109
429.69670
426.79609
423.38498
419.43485
414.91270
409.78080
403.99644
397.51155
390.27238
382.21911
373.28544
363.39817
352.47669
340.43255
327.16897
312.58037
296.55194
278.95926
259.66803
238.53389
215.40255
190.11016
162.48424
132.34537
99.50988
63.79225
444.63725
444.42215
443.77505
442.69052
441.15948
439.16911
436.70274
433.73974
430.25537
426.22052
421.60157
416.36009
410.45256
403.83004
396.43787
388.21523
379.09479
369.00226
357.85596
345.56637
332.03571
317.15750
300.81618
282.88679
263.23477
241.71582
218.17604
192.45227
164.37304
133.76073
100.43677
64.23296
448.93764
448.71980
448.06446
446.96612
445.41559
443.39990
440.90218
437.90156
434.37300
430.28707
425.60976
420.30221
414.32043
407.61497
400.13060
391.80593
382.57300
372.35689
361.07528
348.63804
334.94679
319.89453
303.36526
285.23373
265.36521
243.61536
219.83028
193.84661
165.49171
134.58453
100.94027
64.39960
450.37050
450.15174
449.49364
448.39069
446.83364
444.80949
442.30129
439.28810
435.74477
431.64177
426.94496
421.61534
415.60875
408.87558
401.36042
393.00167
383.73118
373.47380
362.14702
349.66050
335.91566
320.80533
304.21338
286.01446
266.07375
244.24690
220.37991
194.30895
165.85944
134.84217
101.03697
64.12195
