64
32
123.05136
123.04022
123.00677
122.95096
122.87266
122.77172
122.64793
122.50104
122.33075
122.13672
121.91854
121.67578
121.40794
121.11447
120.79477
120.44818
120.07399
119.67143
119.23967
118.77781
118.28490
117.75991
117.20173
116.60921
115.98108
115.31602
114.61262
113.86936
113.08465
112.25679
111.38396
110.46424
109.49560
108.47585
107.40269
106.27365
105.08611
103.83727
102.52415
101.14355
99.69205
98.16598
96.56140
94.87408
93.09941
91.23245
89.26782
87.19963
85.02149
82.72635
80.30645
77.75317
75.05690
72.20686
69.19084
65.99489
62.60292
58.99616
55.15228
51.04429
46.63850
41.89079
36.73736
31.06477
145.63038
145.61664
145.57539
145.50655
145.40999
145.28549
145.13281
144.95164
144.74162
144.50230
144.23322
143.93381
143.60346
143.24151
142.84721
142.41974
141.95824
141.46175
140.92924
140.35961
139.75169
139.10420
138.41579
137.68501
136.91033
136.09011
135.22260
134.30594
133.33817
132.31717
131.24074
130.10649
128.91190
127.65431
126.33085
124.93851
123.47404
121.93400
120.31471
118.61224
116.82238
114.94061
112.96208
110.88158
108.69346
106.39162
103.96945
101.41975
98.73463
95.90545
92.92269
89.77578
86.45297
82.94106
79.22512
75.28817
71.11061
66.66966
61.93838
56.88442
51.46809
45.63953
39.33498
32.47584
167.41108
167.39477
167.34580
167.26408
167.14943
167.00163
166.82038
166.60530
166.35596
166.07186
165.75241
165.39696
165.00479
164.57510
164.10700
163.59954
163.05167
162.46227
161.83012
161.15391
160.43224
159.66360
158.84640
157.97892
157.05933
156.08568
155.05592
153.96784
152.81909
151.60720
150.32953
148.98326
147.56541
146.07282
144.50211
142.84968
141.11173
139.28416
137.36264
135.34251
133.21881
130.98619
128.63893
126.17089
123.57541
120.84532
117.97283
114.94947
111.76601
108.41232
104.87726
101.14850
97.21234
93.05347
88.65463
83.99624
79.05589
73.80768
68.22135
62.26110
55.88409
49.03846
41.66137
33.67780
188.39860
188.37975
188.32316
188.22871
188.09622
187.92542
187.71596
187.46741
187.17927
186.85095
186.48179
186.07103
185.61784
185.12128
184.58035
183.99394
183.36083
182.67974
181.94925
181.16786
180.33394
179.44577
178.50149
177.49912
176.43656
175.31157
174.12176
172.86458
171.53736
170.13721
168.66110
167.10580
165.46786
163.74364
161.92926
160.02059
158.01322
155.90249
153.68338
151.35056
148.89834
146.32059
143.61077
140.76183
137.76617
134.61560
131.30126
127.81350
124.14182
120.27476
116.19972
111.90280
107.36862
102.58005
97.51788
92.16046
86.48322
80.45802
74.05243
67.22876
59.94290
52.14305
43.76844
34.74820
208.59801
208.57666
208.51256
208.40559
208.25553
208.06207
207.82482
207.54331
207.21695
206.84509
206.42696
205.96173
205.44844
204.88604
204.27338
203.60921
202.89218
202.12079
201.29348
200.40852
199.46410
198.45824
197.38886
196.25371
195.05043
193.77647
192.42915
191.00558
189.50274
187.91738
186.24607
184.48516
182.63079
180.67883
178.62491
176.46438
174.19229
171.80337
169.29201
166.65222
163.87759
160.96127
157.89593
154.67367
151.28603
147.72387
143.97730
140.03563
135.88722
131.51938
126.91824
122.06855
116.95349
111.55441
105.85056
99.81871
93.43270
86.66294
79.47579
71.83279
63.68989
54.99661
45.69532
35.72076
228.01431
227.99051
227.91903
227.79975
227.63242
227.41670
227.15215
226.83824
226.47433
226.05968
225.59344
225.07468
224.50234
223.87524
223.19212
222.45156
221.65206
220.79198
219.86954
218.88286
217.82988
216.70843
215.51618
214.25064
212.90917
211.48894
209.98696
208.40005
206.72483
204.95769
203.09483
201.13220
199.06550
196.89016
194.60135
192.19392
189.66237
187.00089
184.20328
181.26291
178.17272
174.92517
171.51218
167.92510
164.15461
160.19072
156.02264
151.63869
147.02623
142.17150
137.05952
131.67388
125.99657
120.00775
113.68545
107.00531
99.94011
92.45946
84.52919
76.11091
67.16145
57.63237
47.46965
36.61372
246.65243
246.62621
246.54751
246.41616
246.23190
245.99435
245.70303
245.35736
244.95664
244.50004
243.98665
243.41542
242.78519
242.09468
241.34247
240.52704
239.64672
238.69971
237.68405
236.59767
235.43832
234.20361
232.89098
231.49769
230.02085
228.45735
226.80391
225.05704
223.21302
221.26792
219.21755
217.05749
214.78303
212.38917
209.87062
207.22175
204.43658
201.50875
198.43149
195.19761
191.79941
188.22871
184.47673
180.53411
176.39079
172.03597
167.45804
162.64446
157.58170
152.25507
146.64865
140.74507
134.52536
127.96874
121.05239
113.75114
106.03719
97.87978
89.24479
80.09442
70.38684
60.07596
49.11139
37.43868
264.51718
264.48860
264.40283
264.25967
264.05885
263.79996
263.48247
263.10574
262.66901
262.17139
261.61188
260.98934
260.30251
259.54999
258.73025
257.84162
256.88228
255.85027
254.74349
253.55965
252.29633
250.95091
249.52063
248.00250
246.39338
244.68990
242.88849
240.98536
238.97649
236.85760
234.62416
232.27138
229.79415
227.18707
224.44441
221.56009
218.52765
215.34023
211.99053
208.47081
204.77280
200.88771
196.80612
192.51802
188.01266
183.27853
178.30328
173.07361
167.57522
161.79263
155.70913
149.30657
142.56524
135.46367
127.97842
120.08387
111.75193
102.95187
93.64996
83.80933
73.38971
62.34743
50.63547
38.20378
281.61326
281.58239
281.48972
281.33505
281.11807
280.83836
280.49533
280.08831
279.61646
279.07884
278.47434
277.80176
277.05972
276.24672
275.36111
274.40109
273.36469
272.24981
271.05417
269.77531
268.41062
266.95728
265.41231
263.77250
262.03446
260.19457
258.24898
256.19363
254.02417
251.73602
249.32432
246.78391
244.10931
241.29474
238.33406
235.22074
231.94789
228.50817
224.89379
221.09649
217.10748
212.91738
208.51623
203.89339
199.03750
193.93641
188.57713
182.94569
177.02712
170.80530
164.26286
157.38104
150.13957
142.51648
134.48796
126.02816
117.10900
107.69999
97.76806
87.27741
76.18945
64.46279
52.05346
38.91518
297.94529
297.91218
297.81279
297.64692
297.41423
297.11426
296.74640
296.30990
295.80389
295.22734
294.57909
293.85782
293.06209
292.19026
291.24058
290.21112
289.09978
287.90430
286.62225
285.25100
283.78774
282.22949
280.57302
278.81493
276.95159
274.97912
272.89344
270.69018
268.36473
265.91220
263.32739
260.60481
257.73864
254.72272
251.55052
248.21512
244.70919
241.02496
237.15417
233.08809
228.81743
224.33230
219.62222
214.67600
209.48172
204.02669
198.29732
192.27909
185.95647
179.31279
172.33016
164.98936
157.26970
149.14891
140.60297
131.60600
122.13011
112.14523
101.61908
90.51701
78.80207
66.43502
53.37458
39.57768
313.51772
313.48245
313.37654
313.19981
312.95187
312.63225
312.24029
311.77520
311.23604
310.62174
309.93104
309.16255
308.31473
307.38585
306.37403
305.27723
304.09321
302.81957
301.45373
299.99289
298.43407
296.77409
295.00955
293.13681
291.15203
289.05110
286.82967
284.48313
282.00658
279.39484
276.64241
273.74349
270.69192
267.48118
264.10439
260.55423
256.82299
252.90249
248.78404
244.45847
239.91603
235.14638
230.13854
224.88085
219.36091
213.56549
207.48055
201.09108
194.38107
187.33342
179.92983
172.15073
163.97517
155.38068
146.34321
136.83697
126.83439
116.30595
105.22020
93.54368
81.24098
68.27485
54.60635
40.19517
328.33490
328.29753
328.18533
327.99808
327.73540
327.39677
326.98150
326.48876
325.91755
325.26672
324.53497
323.72082
322.82262
321.83857
320.76666
319.60474
318.35045
317.00124
315.55439
314.00694
312.35575
310.59746
308.72846
306.74493
304.64281
302.41776
300.06520
297.58027
294.95781
292.19236
289.27813
286.20902
282.97856
279.57990
276.00580
272.24862
268.30026
264.15215
259.79523
255.21991
250.41604
245.37284
240.07891
234.52216
228.68974
222.56802
216.14252
209.39781
202.31752
194.88418
187.07920
178.88276
170.27375
161.22963
151.72640
141.73849
131.23871
120.19817
108.58628
96.37071
83.51753
69.99124
55.75499
40.77082
342.40103
342.36163
342.24336
342.04597
341.76908
341.41212
340.97438
340.45497
339.85286
339.16683
338.39551
337.53733
336.59057
335.55333
334.42350
333.19881
331.87679
330.45476
328.92984
327.29894
325.55874
323.70572
321.73609
319.64584
317.43070
315.08613
312.60731
309.98914
307.22623
304.31284
301.24293
298.01010
294.60759
291.02824
287.26450
283.30838
279.15146
274.78481
270.19901
265.38411
260.32956
255.02422
249.45631
243.61333
237.48208
231.04854
224.29787
217.21432
209.78120
201.98077
193.79422
185.20157
176.18163
166.71188
156.76846
146.32608
135.35799
123.83595
111.73021
99.00956
85.64139
71.59179
56.82574
41.30733
355.72014
355.67880
355.55469
355.34757
355.05701
354.68245
354.22311
353.67809
353.04629
352.32643
351.51708
350.61661
349.62320
348.53486
347.34940
346.06442
344.67734
343.18536
341.58546
339.87442
338.04875
336.10478
334.03854
331.84584
329.52222
327.06293
324.46296
321.71696
318.81931
315.76404
312.54485
309.15506
305.58764
301.83516
297.88976
293.74315
289.38658
284.81082
280.00610
274.96214
269.66806
264.11237
258.28295
252.16697
245.75089
239.02038
231.96029
224.55461
216.78638
208.63768
200.08953
191.12188
181.71351
171.84199
161.48367
150.61357
139.20542
127.23162
114.66326
101.47013
87.62086
73.08297
57.82306
41.80696
368.29614
368.25293
368.12324
367.90679
367.60316
367.21173
366.73173
366.16218
365.50196
364.74972
363.90398
362.96302
361.92496
360.78771
359.54900
358.20632
356.75699
355.19807
353.52643
351.73870
349.83127
347.80029
345.64165
343.35096
340.92360
338.35463
335.63881
332.77063
329.74421
326.55336
323.19154
319.65184
315.92696
312.00920
307.89042
303.56207
299.01510
294.23997
289.22663
283.96449
278.44236
272.64846
266.57035
260.19491
253.50833
246.49599
239.14250
231.43163
223.34623
214.86822
205.97854
196.65710
186.88272
176.63311
165.88485
154.61331
142.79270
130.39606
117.39525
103.76103
89.46315
74.47038
58.75075
42.27164
380.13273
380.08775
379.95273
379.72739
379.41129
379.00379
378.50408
377.91115
377.22383
376.44072
375.56028
374.58072
373.50009
372.31623
371.02676
369.62908
368.12041
366.49769
364.75769
362.89689
360.91154
358.79766
356.55098
354.16696
351.64079
348.96735
346.14124
343.15672
340.00772
336.68785
333.19032
329.50800
325.63336
321.55844
317.27486
312.77381
308.04596
303.08152
297.87016
292.40102
286.66263
280.64294
274.32926
267.70821
260.76571
253.48694
245.85630
237.85737
229.47287
220.68463
211.47351
201.81945
191.70135
181.09709
169.98349
158.33630
146.13021
133.33885
119.93484
105.88981
91.17450
75.75885
59.61212
42.70305
391.23347
391.18681
391.04673
390.81296
390.48502
390.06226
389.54384
388.92872
388.21567
387.40326
386.48988
385.47369
384.35266
383.12455
381.78691
380.33704
378.77205
377.08881
375.28393
373.35380
371.29455
369.10203
366.77184
364.29930
361.67943
358.90695
355.97627
352.88148
349.61631
346.17417
342.54808
338.73069
334.71423
330.49053
326.05098
321.38653
316.48761
311.34418
305.94568
300.28098
294.33840
288.10562
281.56973
274.71714
267.53355
260.00395
252.11259
243.84288
235.17747
226.09809
216.58563
206.62004
196.18034
185.24461
173.78991
161.79239
149.22718
136.06850
122.28965
107.86306
92.76038
76.95259
60.41003
43.10264
401.60173
401.55348
401.40862
401.16688
400.82776
400.39059
399.85449
399.21841
398.48106
397.64097
396.69648
395.64569
394.48650
393.21661
391.83347
390.33431
388.71615
386.97575
385.10962
383.11404
380.98501
378.71826
376.30926
373.75317
371.04488
368.17895
365.14961
361.95080
358.57607
355.01864
351.27134
347.32662
343.17652
338.81266
334.22621
329.40790
324.34795
319.03611
313.46158
307.61303
301.47854
295.04561
288.30111
281.23126
273.82159
266.05693
257.92140
249.39831
240.47021
231.11883
221.32506
211.06893
200.32957
189.08527
177.31337
164.99035
152.09182
138.59252
124.46638
109.68658
94.22559
78.05527
61.14698
43.47166
411.24069
411.19095
411.04160
410.79237
410.44274
409.99203
409.43933
408.78355
408.02337
407.15729
406.18357
405.10028
403.90525
402.59611
401.17023
399.62479
397.95669
396.16261
394.23897
392.18192
389.98737
387.65094
385.16795
382.53344
379.74216
376.78853
373.66663
370.37023
366.89273
363.22718
359.36622
355.30214
351.02678
346.53157
341.80750
336.84510
331.63439
326.16492
320.42570
314.40520
308.09132
301.47137
294.53204
287.25939
279.63880
271.65500
263.29195
254.53293
245.36043
235.75616
225.70106
215.17523
204.15796
192.62771
180.56213
167.93802
154.73142
140.91757
126.47098
111.36549
95.57432
79.07013
61.82514
43.81122
420.15335
420.10220
419.94867
419.69244
419.33300
418.86965
418.30145
417.62728
416.84579
415.95544
414.95444
413.84080
412.61231
411.26653
409.80077
408.21211
406.49740
404.65322
402.67590
400.56151
398.30582
395.90436
393.35234
390.64469
387.77600
384.74057
381.53235
378.14496
374.57165
370.80530
366.83843
362.66312
358.27107
353.65354
348.80133
343.70479
338.35379
332.73768
326.84530
320.66496
314.18437
307.39070
300.27048
292.80964
284.99344
276.80649
268.23268
259.25523
249.85660
240.01853
229.72198
218.94716
207.67351
195.87969
183.54360
170.64239
157.15247
143.04955
128.30867
112.90428
96.81025
79.99997
62.44643
44.12229
428.34248
428.29004
428.13262
427.86991
427.50138
427.02631
426.44374
425.75252
424.95128
424.03842
423.01213
421.87037
420.61086
419.23112
417.72839
416.09969
414.34178
412.45117
410.42411
408.25657
405.94424
403.48254
400.86657
398.09115
395.15077
392.03958
388.75143
385.27980
381.61779
377.75816
373.69326
369.41504
364.91504
360.18437
355.21368
349.99315
344.51249
338.76090
332.72707
326.39914
319.76470
312.81076
305.52375
297.88945
289.89303
281.51902
272.75126
263.57290
253.96642
243.91356
233.39535
222.39211
210.88342
198.84813
186.26439
173.10966
159.36071
144.99367
129.98408
114.30691
97.93663
80.84728
63.01250
44.40569
435.81068
435.75706
435.59607
435.32739
434.95051
434.46465
433.86887
433.16198
432.34258
431.40903
430.35949
429.19187
427.90385
426.49289
424.95617
423.29066
421.49305
419.55977
417.48699
415.27061
412.90623
410.38918
407.71446
404.87678
401.87053
398.68977
395.32820
391.77920
388.03575
384.09047
379.93559
375.56293
370.96389
366.12942
361.05005
355.71582
350.11630
344.24055
338.07712
331.61403
324.83872
317.73811
310.29848
302.50556
294.34441
285.79950
276.85461
267.49289
257.69680
247.44813
236.72796
225.51672
213.79412
201.53922
188.73038
175.34534
161.36122
146.75454
131.50126
115.57684
98.95628
81.61419
63.52482
44.66216
442.56034
442.50563
442.34138
442.06728
441.68278
441.18712
440.57931
439.85815
439.02221
438.06983
436.99912
435.80796
434.49399
433.05460
431.48695
429.78793
427.95418
425.98206
423.86768
421.60685
419.19510
416.62767
413.89949
411.00517
407.93900
404.69494
401.26660
397.64724
393.82973
389.80659
385.56991
381.11140
376.42234
371.49357
366.31548
360.87799
355.17054
349.18208
342.90104
336.31531
329.41225
322.17865
314.60072
306.66409
298.35376
289.65415
280.54900
271.02145
261.05397
250.62838
239.72585
228.32688
216.41133
203.95842
190.94675
177.35431
163.15850
148.33620
132.86376
116.71709
99.87166
82.30258
63.98462
44.89232
448.59361
448.53792
448.37075
448.09177
447.70042
447.19593
446.57730
445.84330
444.99247
444.02314
442.93339
441.72105
440.38373
438.91877
437.32329
435.59413
433.72786
431.72081
429.56900
427.26819
424.81384
422.20111
419.42485
416.47960
413.35955
410.05859
406.57022
402.88761
399.00355
394.91042
390.60025
386.06462
381.29471
376.28124
371.01450
365.48431
359.67999
353.59039
347.20384
340.50812
333.49051
326.13771
318.43585
310.37050
301.92660
293.08851
283.83999
274.16413
264.04344
253.45977
242.39436
230.82781
218.74009
206.11059
192.91810
179.14083
164.75647
149.74219
134.07471
117.73030
100.68489
82.91403
64.39297
45.09670
453.91245
453.85590
453.68613
453.40282
453.00540
452.49308
451.86484
451.11946
450.25544
449.27108
448.16444
446.93332
445.57529
444.08767
442.46751
440.71162
438.81654
436.77851
434.59352
432.25727
429.76516
427.11227
424.29340
421.30301
418.13523
414.78384
411.24228
407.50364
403.56061
399.40551
395.03024
390.42632
385.58481
380.49637
375.15117
369.53894
363.64892
357.46986
350.98999
344.19703
337.07816
329.62003
321.80868
313.62964
305.06781
296.10752
286.73249
276.92584
266.67008
255.94711
244.73821
233.02409
220.78483
207.99995
194.64841
180.70864
166.15854
150.97558
135.13676
118.61872
101.39776
83.44986
64.75071
45.27572
458.51858
458.46128
458.28925
458.00217
457.59946
457.08033
456.44374
455.68844
454.81294
453.81551
452.69416
451.44670
450.07065
448.56329
446.92166
445.14251
443.22234
441.15736
438.94350
436.57641
434.05144
431.36362
428.50768
425.47801
422.26869
418.87344
415.28563
411.49826
407.50395
403.29495
398.86308
394.19979
389.29606
384.14245
378.72907
373.04556
367.08109
360.82432
354.26342
347.38603
340.17928
332.62973
324.72341
316.44577
307.78168
298.71546
289.23081
279.31086
268.93813
258.09456
246.76149
234.91970
222.54938
209.63016
196.14116
182.06096
167.36768
152.03901
136.05222
119.38426
102.01177
83.91114
65.05850
45.42966
462.41351
462.35557
462.18163
461.89135
461.48415
460.95922
460.31554
459.55183
458.66657
457.65803
456.52420
455.26285
453.87150
452.34739
450.68752
448.88862
446.94715
444.85928
442.62091
440.22763
437.67476
434.95728
432.06986
429.00686
425.76229
422.32981
418.70273
414.87400
410.83617
406.58144
402.10156
397.38789
392.43137
387.22249
381.75129
376.00734
369.97974
363.65710
357.02753
350.07860
342.79739
335.17041
327.18365
318.82253
310.07189
300.91602
291.33863
281.32284
270.85121
259.90569
248.46769
236.51804
224.03701
211.00435
197.39929
183.20055
168.38642
152.93475
136.82306
120.02852
102.52811
84.29862
65.31668
45.55860
465.59853
465.54006
465.36454
465.07163
464.66075
464.13107
463.48157
462.71095
461.81769
460.80002
459.65595
458.38322
456.97930
455.44144
453.76660
451.95150
449.99254
447.88589
445.62741
443.21265
440.63688
437.89507
434.98183
431.89148
428.61798
425.15496
421.49567
417.63302
413.55951
409.26726
404.74801
399.99304
394.99324
389.73905
384.22045
378.42696
372.34764
365.97102
359.28518
352.27765
344.93545
337.24507
329.19246
320.76299
311.94152
302.71230
293.05904
282.96487
272.41236
261.38350
249.85974
237.82195
225.25048
212.12515
198.42529
184.12973
169.21688
153.66473
137.45092
120.55285
102.94773
84.61275
65.52521
45.66225
468.07467
468.01579
467.83905
467.54409
467.13033
466.59695
465.94290
465.16690
464.26740
463.24263
462.09057
460.80895
459.39524
457.84666
456.16015
454.33241
452.35983
450.23854
447.96437
445.53287
442.93926
440.17847
437.24510
434.13344
430.83740
427.35057
423.66618
419.77709
415.67577
411.35430
406.80436
402.01722
396.98370
391.69421
386.13869
380.30662
374.18701
367.76837
361.03871
353.98556
346.59589
338.85617
330.75230
322.26967
313.39308
304.10681
294.39455
284.23944
273.62406
262.53042
250.94000
238.83373
226.19199
212.99468
199.22117
184.85040
169.86084
154.23055
137.93725
120.95842
103.27138
84.85366
65.68333
45.73939
469.84275
469.78358
469.60596
469.30954
468.89372
468.35769
467.70040
466.92054
466.01657
464.98671
463.82894
462.54096
461.12025
459.56399
457.86914
456.03236
454.05002
451.91826
449.63287
447.18938
444.58300
441.80864
438.86088
435.73396
432.42179
428.91794
425.21559
421.30759
417.18638
412.84400
408.27212
403.46196
398.40433
393.08960
387.50768
381.64802
375.49960
369.05091
362.28994
355.20418
347.78058
340.00559
331.86511
323.34448
314.42853
305.10151
295.34711
285.14848
274.48820
263.34832
251.71032
239.55516
226.86327
213.61458
199.78853
185.36406
170.31971
154.63356
138.28332
121.24638
103.49993
85.02135
65.78928
45.78616
470.90337
470.84403
470.66588
470.36857
469.95152
469.41390
468.75465
467.97247
467.06582
466.03291
464.87170
463.57991
462.15498
460.59412
458.89426
457.05204
455.06385
452.92579
450.63366
448.18297
445.56893
442.78642
439.83000
436.69392
433.37207
429.85798
426.14486
422.22550
418.09233
413.73741
409.15234
404.32836
399.25625
393.92637
388.32859
382.45237
376.28666
369.81993
363.04017
355.93483
348.49086
340.69471
332.53224
323.98882
315.04925
305.69777
295.91809
285.69335
275.00615
263.83852
252.17199
239.98751
227.26555
213.98606
200.12848
185.67181
170.59457
154.87485
138.49029
121.41805
103.63480
85.11671
65.84046
45.79018
471.25687
471.19747
471.01914
470.72154
470.30408
469.76593
469.10603
468.32308
467.41553
466.38160
465.21925
463.92618
462.49985
460.93745
459.23591
457.39189
455.40174
453.26158
450.96721
448.51412
445.89752
443.11229
440.15299
437.01385
433.68876
430.17127
426.45455
422.53140
418.39425
414.03514
409.44568
404.61709
399.54015
394.20521
388.60215
382.72041
376.54893
370.07619
363.29015
356.17829
348.72754
340.92432
332.75453
324.20351
315.25606
305.89643
296.10833
285.87489
275.17871
264.00184
252.32579
240.13155
227.39956
214.10980
200.24172
185.77431
170.68611
154.95519
138.55913
121.47493
103.67870
85.14445
65.83986
45.70828
