128
64
124.18443
124.18157
124.17298
124.15868
124.13863
124.11285
124.08130
124.04399
124.00088
123.95197
123.89721
123.83660
123.77009
123.69766
123.61926
123.53486
123.44443
123.34790
123.24524
123.13639
123.02130
122.89992
122.77218
122.63801
122.49736
122.35015
122.19631
122.03576
121.86842
121.69421
121.51304
121.32482
121.12945
120.92685
120.71689
120.49949
120.27452
120.04189
119.80146
119.55311
119.29673
119.03218
118.75932
118.47802
118.18813
117.88951
117.58199
117.26543
116.93965
116.60450
116.25979
115.90535
115.54100
115.16653
114.78176
114.38648
113.98048
113.56355
113.13547
112.69601
112.24492
111.78197
111.30691
110.81948
110.31941
109.80643
109.28025
108.74058
108.18712
107.61955
107.03756
106.44082
105.82897
105.20167
104.55855
103.89924
103.22333
102.53043
101.82012
101.09196
100.34551
99.58030
98.79584
97.99165
97.16719
96.32194
95.45533
94.56678
93.65568
92.72141
91.76330
90.78068
89.77283
88.73900
87.67841
86.59024
85.47365
84.32772
83.15153
81.94407
80.70431
79.43114
78.12340
76.77986
75.39922
73.98010
72.52102
71.02043
69.47664
67.88788
66.25221
64.56756
62.83172
61.04224
59.19652
57.29167
55.32456
53.29171
51.18929
49.01301
46.75807
44.41901
41.98956
39.46242
36.82890
34.07812
31.19523
28.15516
135.70724
135.70404
135.69446
135.67847
135.65609
135.62728
135.59205
135.55038
135.50223
135.44759
135.38644
135.31873
135.24445
135.16354
135.07598
134.98171
134.88070
134.77289
134.65822
134.53664
134.40810
134.27252
134.12984
133.97999
133.82289
133.65846
133.48663
133.30731
133.12040
132.92582
132.72346
132.51323
132.29502
132.06872
131.83422
131.59139
131.34012
131.08028
130.81173
130.53435
130.24799
129.95250
129.64774
129.33354
129.00976
128.67621
128.33274
127.97916
127.61530
127.24096
126.85594
126.46006
126.05310
125.63485
125.20509
124.76359
124.31012
123.84445
123.36631
122.87546
122.37164
121.85457
121.32397
120.77955
120.22101
119.64805
119.06036
118.45760
117.83943
117.20552
116.55549
115.88899
115.20562
114.50499
113.78669
113.05031
112.29540
111.52151
110.72817
109.91491
109.08121
108.22657
107.35044
106.45226
105.53146
104.58743
103.61956
102.62718
101.60963
100.56620
99.49616
98.39874
97.27316
96.11856
94.93410
93.71884
92.47184
91.19210
89.87857
88.53013
87.14563
85.72384
84.26347
82.76313
81.22139
79.63670
78.00742
76.33182
74.60802
72.83403
71.00771
69.12677
67.18871
65.19085
63.13026
61.00376
58.80786
56.53870
54.19205
51.76315
49.24668
46.63664
43.92614
41.10721
38.17049
35.10478
31.89660
28.53084
147.02999
147.02646
147.01587
146.99822
146.97351
146.94170
146.90280
146.85678
146.80362
146.74329
146.67576
146.60100
146.51897
146.42964
146.33295
146.22886
146.11732
145.99827
145.87166
145.73742
145.59548
145.44577
145.28822
145.12276
144.94929
144.76773
144.57799
144.37999
144.17360
143.95875
143.73531
143.50317
143.26222
143.01235
142.75341
142.48528
142.20783
141.92092
141.62440
141.31811
141.00192
140.67565
140.33913
139.99221
139.63469
139.26640
138.88715
138.49673
138.09496
137.68163
137.25651
136.81939
136.37004
135.90822
135.43370
134.94622
134.44552
133.93135
133.40342
132.86145
132.30516
131.73424
131.14838
130.54727
129.93058
129.29797
128.64908
127.98357
127.30105
126.60114
125.88345
125.14757
124.39307
123.61952
122.82647
122.01346
121.17999
120.32558
119.44971
118.55183
117.63142
116.68788
115.72063
114.72905
113.71250
112.67032
111.60183
110.50631
109.38301
108.23115
107.04994
105.83853
104.59604
103.32155
102.01412
100.67273
99.29633
97.88382
96.43405
94.94581
93.41780
91.84869
90.23704
88.58137
86.88006
85.13144
83.33371
81.48495
79.58312
77.62605
75.61139
73.53663
71.39905
69.19572
66.92346
64.57880
62.15795
59.65675
57.07060
54.39439
51.62242
48.74828
45.76469
42.66334
39.43463
36.06748
32.54909
28.86515
158.15334
158.14948
158.13790
158.11860
158.09156
158.05677
158.01421
157.96387
157.90572
157.83972
157.76586
157.68408
157.59435
157.49663
157.39087
157.27701
157.15500
157.02478
156.88628
156.73943
156.58417
156.42041
156.24807
156.06707
155.87732
155.67872
155.47118
155.25458
155.02883
154.79381
154.54940
154.29547
154.03191
153.75858
153.47534
153.18205
152.87856
152.56472
152.24037
151.90534
151.55947
151.20258
150.83449
150.45501
150.06394
149.66110
149.24626
148.81921
148.37975
147.92763
147.46263
146.98450
146.49299
145.98785
145.46882
144.93561
144.38795
143.82555
143.24810
142.65531
142.04685
141.42239
140.78160
140.12413
139.44962
138.75770
138.04799
137.32009
136.57360
135.80810
135.02315
134.21831
133.39312
132.54711
131.67977
130.79060
129.87908
128.94466
127.98678
127.00486
125.99829
124.96645
123.90869
122.82435
121.71272
120.57308
119.40469
118.20676
116.97848
115.71901
114.42747
113.10294
111.74446
110.35105
108.92165
107.45517
105.95047
104.40636
102.82157
101.19479
99.52462
97.80961
96.04820
94.23878
92.37960
90.46884
88.50456
86.48469
84.40703
82.26921
80.06873
77.80286
75.46869
73.06308
70.58261
68.02358
65.38196
62.65330
59.83276
56.91494
53.89388
50.76291
47.51456
44.14036
40.63078
36.97496
33.16068
29.17421
169.07796
169.07377
169.06120
169.04025
169.01090
168.97315
168.92696
168.87232
168.80921
168.73758
168.65742
168.56866
168.47128
168.36522
168.25043
168.12686
167.99444
167.85310
167.70279
167.54341
167.37490
167.19717
167.01013
166.81369
166.60775
166.39221
166.16696
165.93189
165.68688
165.43181
165.16654
164.89096
164.60492
164.30827
164.00087
163.68256
163.35319
163.01258
162.66056
162.29696
161.92160
161.53427
161.13479
160.72294
160.29853
159.86133
159.41112
158.94767
158.47073
157.98007
157.47542
156.95653
156.42313
155.87493
155.31166
154.73300
154.13867
153.52834
152.90169
152.25839
151.59808
150.92043
150.22505
149.51158
148.77962
148.02878
147.25863
146.46875
145.65871
144.82805
143.97629
143.10296
142.20755
141.28956
140.34844
139.38365
138.39462
137.38075
136.34145
135.27608
134.18398
133.06449
131.91690
130.74048
129.53449
128.29815
127.03063
125.73111
124.39870
123.03249
121.63153
120.19484
118.72138
117.21007
115.65980
114.06938
112.43758
110.76311
109.04463
107.28070
105.46984
103.61047
101.70093
99.73948
97.72426
95.65332
93.52456
91.33578
89.08463
86.76860
84.38499
81.93093
79.40332
76.79884
74.11387
71.34451
68.48653
65.53529
62.48573
59.33228
56.06880
52.68849
49.18380
45.54633
41.76670
37.83445
33.73800
29.46455
179.80450
179.79999
179.78644
179.76385
179.73221
179.69150
179.64171
179.58280
179.51476
179.43754
179.35111
179.25542
179.15043
179.03609
178.91233
178.77910
178.63634
178.48396
178.32191
178.15008
177.96841
177.77680
177.57515
177.36336
177.14134
176.90896
176.66611
176.41268
176.14853
175.87354
175.58756
175.29046
174.98207
174.66226
174.33085
173.98769
173.63260
173.26539
172.88589
172.49390
172.08923
171.67166
171.24099
170.79700
170.33945
169.86813
169.38277
168.88315
168.36899
167.84003
167.29601
166.73663
166.16161
165.57064
164.96342
164.33963
163.69893
163.04100
162.36548
161.67201
160.96022
160.22973
159.48015
158.71106
157.92206
157.11270
156.28254
155.43113
154.55799
153.66263
152.74455
151.80323
150.83812
149.84868
148.83434
147.79449
146.72854
145.63584
144.51574
143.36756
142.19062
140.98417
139.74747
138.47974
137.18017
135.84793
134.48213
133.08189
131.64626
130.17427
128.66489
127.11706
125.52969
123.90162
122.23164
120.51851
118.76090
116.95744
115.10667
113.20710
111.25711
109.25505
107.19913
105.08751
102.91821
100.68915
98.39812
96.04279
93.62067
91.12910
88.56525
85.92610
83.20838
80.40862
77.52306
74.54762
71.47791
68.30915
65.03614
61.65320
58.15409
54.53199
50.77939
46.88801
42.84877
38.65169
34.28588
29.73953
190.33363
190.32879
190.31426
190.29005
190.25613
190.21249
190.15912
190.09597
190.02303
189.94025
189.84760
189.74503
189.63248
189.50991
189.37725
189.23443
189.08140
188.91806
188.74434
188.56015
188.36540
188.16000
187.94384
187.71682
187.47882
187.22972
186.96941
186.69774
186.41459
186.11981
185.81326
185.49478
185.16421
184.82139
184.46615
184.09830
183.71766
183.32405
182.91725
182.49707
182.06330
181.61570
181.15407
180.67815
180.18771
179.68250
179.16225
178.62671
178.07559
177.50862
176.92550
176.32592
175.70957
175.07615
174.42530
173.75670
173.06998
172.36480
171.64077
170.89750
170.13461
169.35168
168.54829
167.72401
166.87839
166.01097
165.12126
164.20879
163.27304
162.31349
161.32961
160.32082
159.28658
158.22626
157.13928
156.02499
154.88274
153.71186
152.51165
151.28138
150.02030
148.72765
147.40262
146.04438
144.65207
143.22480
141.76164
140.26162
138.72374
137.14697
135.53023
133.87238
132.17225
130.42862
128.64020
126.80567
124.92363
122.99261
121.01108
118.97745
116.89002
114.74702
112.54659
110.28676
107.96545
105.58049
103.12954
100.61015
98.01971
95.35543
92.61437
89.79337
86.88904
83.89777
80.81567
77.63854
74.36189
70.98082
67.49004
63.88382
60.15592
56.29955
52.30729
48.17111
43.88224
39.43122
34.80784
30.00125
200.66598
200.66082
200.64533
200.61950
200.58332
200.53678
200.47984
200.41249
200.33469
200.24639
200.14757
200.03816
199.91811
199.78737
199.64587
199.49354
199.33030
199.15608
198.97078
198.77432
198.56660
198.34751
198.11695
197.87480
197.62095
197.35525
197.07759
196.78783
196.48581
196.17140
195.84443
195.50473
195.15215
194.78649
194.40759
194.01525
193.60926
193.18943
192.75555
192.30739
191.84473
191.36734
190.87497
190.36737
189.84429
189.30545
188.75058
188.17939
187.59161
186.98691
186.36498
185.72552
185.06818
184.39262
183.69849
182.98543
182.25306
181.50099
180.72883
179.93617
179.12258
178.28764
177.43088
176.55185
175.65008
174.72507
173.77630
172.80327
171.80544
170.78224
169.73310
168.65744
167.55464
166.42407
165.26508
164.07700
162.85914
161.61077
160.33116
159.01954
157.67511
156.29706
154.88453
153.43665
151.95249
150.43111
148.87154
147.27274
145.63367
143.95321
142.23022
140.46352
138.65186
136.79394
134.88842
132.93389
130.92887
128.87183
126.76115
124.59514
122.37204
120.08997
117.74699
115.34103
112.86992
110.33136
107.72295
105.04210
102.28612
99.45210
96.53699
93.53751
90.45019
87.27130
83.99684
80.62255
77.14383
73.55573
69.85293
66.02968
62.07978
57.99653
53.77268
49.40043
44.87141
40.17664
35.30658
30.25118
210.80221
210.79673
210.78027
210.75285
210.71443
210.66500
210.60453
210.53301
210.45038
210.35661
210.25166
210.13547
210.00798
209.86914
209.71887
209.55710
209.38374
209.19872
209.00194
208.79331
208.57271
208.34005
208.09520
207.83804
207.56846
207.28630
206.99144
206.68372
206.36299
206.02910
205.68187
205.32113
204.94670
204.55840
204.15603
203.73938
203.30825
202.86242
202.40167
201.92576
201.43446
200.92750
200.40465
199.86563
199.31016
198.73797
198.14876
197.54224
196.91807
196.27596
195.61557
194.93655
194.23855
193.52121
192.78416
192.02702
191.24937
190.45082
189.63095
188.78931
187.92547
187.03895
186.12929
185.19599
184.23856
183.25646
182.24916
181.21611
180.15675
179.07047
177.95667
176.81474
175.64401
174.44384
173.21351
171.95234
170.65958
169.33447
167.97623
166.58406
165.15710
163.69450
162.19535
160.65873
159.08367
157.46918
155.81421
154.11770
152.37852
150.59552
148.76749
146.89317
144.97127
143.00042
140.97921
138.90614
136.77969
134.59824
132.36010
130.06349
127.70657
125.28739
122.80392
120.25399
117.63537
114.94565
112.18233
109.34275
106.42410
103.42341
100.33752
97.16306
93.89646
90.53393
87.07140
83.50454
79.82869
76.03889
72.12982
68.09575
63.93055
59.62765
55.18000
50.58009
45.81988
40.89090
35.78419
30.49043
220.74295
220.73715
220.71975
220.69073
220.65009
220.59780
220.53384
220.45817
220.37076
220.27157
220.16054
220.03763
219.90276
219.75589
219.59692
219.42578
219.24240
219.04667
218.83851
218.61780
218.38444
218.13831
217.87930
217.60727
217.32208
217.02360
216.71168
216.38616
216.04688
215.69368
215.32636
214.94476
214.54868
214.13792
213.71228
213.27154
212.81549
212.34388
211.85649
211.35307
210.83337
210.29712
209.74405
209.17388
208.58632
207.98107
207.35782
206.71626
206.05605
205.37685
204.67832
203.96010
203.22181
202.46307
201.68348
200.88265
200.06014
199.21553
198.34837
197.45821
196.54457
195.60696
194.64488
193.65782
192.64524
191.60659
190.54132
189.44882
188.32851
187.17976
186.00194
184.79437
183.55640
182.28730
180.98635
179.65282
178.28592
176.88485
175.44880
173.97690
172.46828
170.92203
169.33719
167.71280
166.04784
164.34126
162.59198
160.79886
158.96074
157.07640
155.14458
153.16396
151.13318
149.05081
146.91538
144.72534
142.47907
140.17489
137.81105
135.38570
132.89691
130.34266
127.72084
125.02922
122.26545
119.42709
116.51152
113.51602
110.43769
107.27348
104.02015
100.67428
97.23222
93.69012
90.04385
86.28905
82.42105
78.43489
74.32525
70.08648
65.71256
61.19706
56.53315
51.71357
46.73069
41.57643
36.24241
30.71991
230.48885
230.48273
230.46438
230.43379
230.39095
230.33582
230.26839
230.18862
230.09648
229.99191
229.87486
229.74528
229.60311
229.44827
229.28068
229.10027
228.90695
228.70061
228.48116
228.24849
228.00248
227.74302
227.46997
227.18319
226.88255
226.56790
226.23907
225.89592
225.53826
225.16591
224.77870
224.37642
223.95889
223.52588
223.07718
222.61257
222.13182
221.63468
221.12090
220.59022
220.04238
219.47710
218.89409
218.29306
217.67371
217.03571
216.37874
215.70247
215.00655
214.29062
213.55432
212.79727
212.01906
211.21932
210.39760
209.55350
208.68656
207.79634
206.88236
205.94414
204.98118
203.99298
202.97901
201.93871
200.87154
199.77691
198.65424
197.50290
196.32226
195.11168
193.87049
192.59798
191.29344
189.95615
188.58533
187.18021
185.73997
184.26377
182.75075
181.20002
179.61065
177.98168
176.31214
174.60099
172.84718
171.04960
169.20713
167.31858
165.38273
163.39832
161.36402
159.27846
157.14022
154.94782
152.69972
150.39430
148.02990
145.60476
143.11706
140.56489
137.94625
135.25905
132.50111
129.67013
126.76369
123.77927
120.71419
117.56566
114.33070
111.00621
107.58888
104.07523
100.46158
96.74401
92.91838
88.98031
84.92513
80.74790
76.44335
72.00593
67.42971
62.70844
57.83550
52.80392
47.60640
42.23529
36.68266
30.94034
240.04052
240.03409
240.01481
239.98266
239.93763
239.87970
239.80883
239.72500
239.62816
239.51827
239.39526
239.25908
239.10967
238.94694
238.77082
238.58122
238.37805
238.16121
237.93059
237.68607
237.42753
237.15486
236.86790
236.56653
236.25058
235.91991
235.57435
235.21372
234.83786
234.44656
234.03964
233.61690
233.17811
232.72307
232.25155
231.76330
231.25809
230.73566
230.19575
229.63808
229.06238
228.46836
227.85571
227.22413
226.57329
225.90287
225.21251
224.50188
223.77061
223.01832
222.24462
221.44913
220.63142
219.79108
218.92766
218.04073
217.12982
216.19445
215.23412
214.24835
213.23659
212.19833
211.13300
210.04003
208.91884
207.76883
206.58937
205.37982
204.13951
202.86777
201.56389
200.22715
198.85680
197.45207
196.01217
194.53627
193.02352
191.47305
189.88396
188.25532
186.58615
184.87547
183.12224
181.32539
179.48382
177.59639
175.66191
173.67915
171.64684
169.56367
167.42826
165.23919
162.99497
160.69408
158.33492
155.91580
153.43501
150.89074
148.28109
145.60409
142.85769
140.03974
137.14798
134.18005
131.13347
128.00565
124.79387
121.49526
118.10680
114.62532
111.04748
107.36975
103.58840
99.69950
95.69891
91.58223
87.34482
82.98177
78.48789
73.85771
69.08545
64.16503
59.09003
53.85377
48.44925
42.86921
37.10614
31.15234
249.39859
249.39186
249.37165
249.33796
249.29077
249.23006
249.15579
249.06794
248.96645
248.85129
248.72238
248.57967
248.42309
248.25256
248.06799
247.86930
247.65638
247.42914
247.18745
246.93121
246.66028
246.37452
246.07381
245.75798
245.42689
245.08036
244.71823
244.34032
243.94644
243.53638
243.10996
242.66695
242.20714
241.73030
241.23618
240.72454
240.19512
239.64767
239.08190
238.49752
237.89426
237.27179
236.62981
235.96800
235.28601
234.58350
233.86011
233.11549
232.34923
231.56096
230.75027
229.91675
229.05996
228.17946
227.27479
226.34550
225.39108
224.41105
223.40490
222.37208
221.31207
220.22429
219.10817
217.96312
216.78852
215.58375
214.34814
213.08103
211.78174
210.44954
209.08371
207.68349
206.24809
204.77672
203.26855
201.72272
200.13834
198.51451
196.85028
195.14469
193.39673
191.60535
189.76950
187.88806
185.95988
183.98377
181.95850
179.88281
177.75537
175.57481
173.33971
171.04860
168.69995
166.29217
163.82360
161.29253
158.69716
156.03564
153.30601
150.50625
147.63425
144.68779
141.66456
138.56215
135.37803
132.10955
128.75394
125.30826
121.76947
118.13435
114.39952
110.56142
106.61631
102.56025
98.38908
94.09843
89.68369
85.14001
80.46228
75.64513
70.68292
65.56973
60.29938
54.86543
49.26118
43.47970
37.51388
31.35645
258.56368
258.55664
258.53552
258.50030
258.45098
258.38752
258.30989
258.21806
258.11198
257.99159
257.85685
257.70768
257.54401
257.36575
257.17283
256.96514
256.74259
256.50505
256.25243
255.98458
255.70139
255.40270
255.08838
254.75826
254.41218
254.04997
253.67145
253.27644
252.86473
252.43613
251.99041
251.52737
251.04676
250.54834
250.03188
249.49710
248.94375
248.37154
247.78020
247.16941
246.53888
245.88828
245.21730
244.52558
243.81279
243.07856
242.32251
241.54426
240.74342
239.91958
239.07231
238.20118
237.30575
236.38555
235.44010
234.46892
233.47151
232.44734
231.39587
230.31657
229.20885
228.07214
226.90583
225.70931
224.48193
223.22304
221.93196
220.60799
219.25042
217.85850
216.43147
214.96854
213.46890
211.93173
210.35614
208.74126
207.08616
205.38991
203.65152
201.86998
200.04426
198.17327
196.25590
194.29101
192.27741
190.21385
188.09908
185.93177
183.71056
181.43404
179.10073
176.70911
174.25761
171.74459
169.16835
166.52710
163.81902
161.04219
158.19461
155.27420
152.27880
149.20615
146.05387
142.81952
139.50051
136.09414
132.59760
129.00792
125.32202
121.53664
117.64838
113.65366
109.54873
105.32964
100.99227
96.53226
91.94505
87.22585
82.36963
77.37115
72.22490
66.92514
61.46589
55.84094
50.04388
44.06809
37.90680
31.55310
267.53640
267.52906
267.50703
267.47031
267.41887
267.35269
267.27174
267.17597
267.06535
266.93981
266.79930
266.64374
266.47305
266.28717
266.08598
265.86940
265.63732
265.38961
265.12617
264.84686
264.55154
264.24007
263.91229
263.56803
263.20714
262.82943
262.43472
262.02280
261.59347
261.14653
260.68175
260.19889
259.69772
259.17799
258.63944
258.08179
257.50478
256.90811
256.29148
255.65459
254.99711
254.31872
253.61906
252.89780
252.15456
251.38898
250.60065
249.78918
248.95416
248.09517
247.21175
246.30347
245.36986
244.41043
243.42469
242.41214
241.37224
240.30446
239.20824
238.08301
236.92818
235.74313
234.52725
233.27990
232.00040
230.68807
229.34221
227.96210
226.54699
225.09611
223.60867
222.08385
220.52081
218.91868
217.27657
215.59356
213.86870
212.10100
210.28945
208.43301
206.53060
204.58111
202.58338
200.53623
198.43843
196.28871
194.08574
191.82819
189.51462
187.14359
184.71359
182.22305
179.67034
177.05379
174.37163
171.62206
168.80318
165.91304
162.94959
159.91070
156.79416
153.59767
150.31882
146.95510
143.50389
139.96246
136.32794
132.59737
128.76759
124.83536
120.79724
116.64965
112.38884
108.01088
103.51165
98.88684
94.13195
89.24225
84.21281
79.03850
73.71395
68.23359
62.59163
56.78211
50.79885
44.63553
38.28568
31.74272
276.31735
276.30971
276.28679
276.24858
276.19505
276.12619
276.04195
275.94230
275.82718
275.69655
275.55034
275.38846
275.21086
275.01743
274.80808
274.58271
274.34121
274.08346
273.80933
273.51869
273.21139
272.88729
272.54621
272.18800
271.81248
271.41945
271.00873
270.58011
270.13338
269.66832
269.18470
268.68227
268.16080
267.62001
267.05963
266.47940
265.87901
265.25818
264.61658
263.95390
263.26981
262.56396
261.83599
261.08554
260.31224
259.51568
258.69548
257.85120
256.98243
256.08872
255.16961
254.22465
253.25333
252.25517
251.22965
250.17624
249.09440
247.98357
246.84317
245.67260
244.47126
243.23851
241.97371
240.67618
239.34524
237.98018
236.58027
235.14476
233.67289
232.16384
230.61680
229.03093
227.40535
225.73917
224.03146
222.28127
220.48761
218.64948
216.76582
214.83556
212.85758
210.83073
208.75383
206.62565
204.44493
202.21034
199.92055
197.57415
195.16969
192.70568
190.18055
187.59270
184.94047
182.22213
179.43588
176.57987
173.65216
170.65075
167.57354
164.41839
161.18302
157.86510
154.46218
150.97171
147.39104
143.71740
139.94791
136.07955
132.10918
128.03351
123.84912
119.55241
115.13966
110.60693
105.95015
101.16506
96.24720
91.19193
85.99441
80.64963
75.15235
69.49718
63.67850
57.69056
51.52743
45.18304
38.65121
31.92564
284.90713
284.89920
284.87539
284.83571
284.78012
284.70860
284.62112
284.51763
284.39809
284.26243
284.11058
283.94248
283.75803
283.55716
283.33975
283.10571
282.85491
282.58724
282.30256
282.00073
281.68161
281.34503
280.99083
280.61883
280.22886
279.82071
279.39419
278.94908
278.48517
278.00223
277.50001
276.97826
276.43673
275.87515
275.29324
274.69071
274.06725
273.42256
272.75631
272.06818
271.35781
270.62486
269.86894
269.08969
268.28671
267.45959
266.60792
265.73127
264.82918
263.90121
262.94689
261.96572
260.95720
259.92082
258.85605
257.76233
256.63911
255.48580
254.30181
253.08652
251.83930
250.55949
249.24643
247.89942
246.51775
245.10068
243.64748
242.15735
240.62950
239.06310
237.45731
235.81126
234.12404
232.39473
230.62237
228.80599
226.94456
225.03703
223.08234
221.07937
219.02697
216.92396
214.76911
212.56117
210.29883
207.98074
205.60552
203.17172
200.67787
198.12241
195.50377
192.82029
190.07027
187.25193
184.36345
181.40292
178.36839
175.25779
172.06901
168.79984
165.44799
162.01108
158.48663
154.87207
151.16470
147.36174
143.46028
139.45729
135.34961
131.13394
126.80686
122.36478
117.80399
113.12058
108.31053
103.36960
98.29341
93.07740
87.71683
82.20680
76.54221
70.71781
64.72818
58.56776
52.23083
45.71155
39.00401
32.10218
293.30632
293.29810
293.27342
293.23228
293.17466
293.10053
293.00985
292.90258
292.77866
292.63803
292.48063
292.30638
292.11519
291.90696
291.68160
291.43900
291.17903
290.90157
290.60648
290.29361
289.96282
289.61393
289.24678
288.86119
288.45696
288.03389
287.59178
287.13041
286.64955
286.14895
285.62838
285.08758
284.52627
283.94418
283.34102
282.71648
282.07027
281.40204
280.71148
279.99824
279.26196
278.50226
277.71878
276.91112
276.07886
275.22160
274.33890
273.43031
272.49537
271.53362
270.54455
269.52768
268.48248
267.40841
266.30493
265.17147
264.00745
262.81227
261.58530
260.32592
259.03347
257.70728
256.34665
254.95086
253.51920
252.05088
250.54515
249.00120
247.41820
245.79531
244.13164
242.42631
240.67837
238.88689
237.05087
235.16930
233.24114
231.26530
229.24069
227.16616
225.04052
222.86256
220.63103
218.34463
216.00202
213.60182
211.14261
208.62290
206.04119
203.39589
200.68538
197.90797
195.06192
192.14542
189.15661
186.09354
182.95422
179.73656
176.43841
173.05752
169.59157
166.03815
162.39475
158.65877
154.82751
150.89814
146.86774
142.73327
138.49157
134.13933
129.67314
125.08942
120.38447
115.55444
110.59532
105.50294
100.27298
94.90098
89.38227
83.71207
77.88543
71.89722
65.74221
59.41501
52.91010
46.22189
39.34465
32.27263
301.51551
301.50700
301.48147
301.43890
301.37927
301.30256
301.20872
301.09771
300.96948
300.82396
300.66108
300.48077
300.28292
300.06745
299.83425
299.58321
299.31419
299.02708
298.72172
298.39798
298.05567
297.69465
297.31473
296.91573
296.49744
296.05967
295.60219
295.12478
294.62720
294.10921
293.57055
293.01095
292.43014
291.82783
291.20372
290.55749
289.88884
289.19742
288.48288
287.74489
286.98306
286.19701
285.38635
284.55068
283.68957
282.80260
281.88931
280.94924
279.98193
278.98688
277.96358
276.91152
275.83017
274.71896
273.57734
272.40472
271.20050
269.96406
268.69476
267.39194
266.05494
264.68305
263.27557
261.83175
260.35084
258.83205
257.27460
255.67765
254.04035
252.36183
250.64119
248.87750
247.06981
245.21713
243.31846
241.37276
239.37894
237.33590
235.24252
233.09760
230.89994
228.64829
226.34137
223.97785
221.55635
219.07546
216.53373
213.92965
211.26165
208.52813
205.72744
202.85784
199.91756
196.90477
193.81756
190.65397
187.41194
184.08938
180.68409
177.19380
173.61617
169.94874
166.18900
162.33432
158.38196
154.32911
150.17282
145.91004
141.53761
137.05223
132.45049
127.72884
122.88359
117.91094
112.80691
107.56740
102.18817
96.66480
90.99275
85.16735
79.18375
73.03699
66.72198
60.23351
53.56624
46.71478
39.67363
32.43723
309.53526
309.52647
309.50009
309.45611
309.39451
309.31525
309.21831
309.10362
308.97114
308.82080
308.65252
308.46623
308.26183
308.03922
307.79829
307.53893
307.26101
306.96438
306.64891
306.31444
305.96080
305.58782
305.19532
304.78310
304.35097
303.89870
303.42607
302.93286
302.41881
301.88368
301.32719
300.74908
300.14906
299.52682
298.88207
298.21448
297.52372
296.80945
296.07130
295.30892
294.52192
293.70991
292.87249
292.00923
291.11970
290.20346
289.26004
288.28898
287.28977
286.26193
285.20492
284.11821
283.00125
281.85348
280.67430
279.46312
278.21932
276.94226
275.63127
274.28570
272.90484
271.48797
270.03437
268.54327
267.01389
265.44544
263.83709
262.18799
260.49727
258.76402
256.98733
255.16624
253.29977
251.38692
249.42664
247.41787
245.35950
243.25041
241.08942
238.87533
236.60690
234.28285
231.90187
229.46259
226.96362
224.40350
221.78076
219.09385
216.34117
213.52110
210.63194
207.67193
204.63927
201.53209
198.34846
195.08637
191.74375
188.31847
184.80832
181.21098
177.52410
173.74521
169.87175
165.90108
161.83047
157.65707
153.37794
148.99002
144.49014
139.87504
135.14130
130.28539
125.30367
120.19236
114.94753
109.56515
104.04102
98.37084
92.55015
86.57436
80.43878
74.13856
67.66876
61.02434
54.20013
47.19092
39.99140
32.59622
317.36615
317.35708
317.32987
317.28450
317.22095
317.13919
317.03918
316.92087
316.78421
316.62912
316.45553
316.26335
316.05249
315.82286
315.57432
315.30677
315.02007
314.71408
314.38864
314.04361
313.67881
313.29406
312.88917
312.46394
312.01817
311.55163
311.06409
310.55532
310.02506
309.47305
308.89901
308.30268
307.68374
307.04189
306.37682
305.68819
304.97567
304.23889
303.47750
302.69112
301.87934
301.04178
300.17801
299.28759
298.37009
297.42504
296.45198
295.45040
294.41981
293.35969
292.26950
291.14870
289.99671
288.81295
287.59682
286.34770
285.06495
283.74792
282.39593
281.00829
279.58429
278.12318
276.62421
275.08661
273.50958
271.89228
270.23388
268.53351
266.79025
265.00321
263.17142
261.29391
259.36967
257.39768
255.37686
253.30613
251.18434
249.01036
246.78297
244.50094
242.16302
239.76789
237.31420
234.80057
232.22557
229.58772
226.88551
224.11735
221.28165
218.37672
215.40084
212.35223
209.22905
206.02942
202.75135
199.39284
195.95177
192.42600
188.81327
185.11127
181.31760
177.42978
173.44525
169.36134
165.17531
160.88431
156.48538
151.97549
147.35146
142.61003
137.74782
132.76131
127.64690
122.40084
117.01926
111.49819
105.83349
100.02094
94.05618
87.93473
81.65199
75.20326
68.58373
61.78850
54.81258
47.65091
40.29838
32.74981
325.00873
324.99938
324.97135
324.92461
324.85915
324.77493
324.67191
324.55003
324.40925
324.24949
324.07067
323.87270
323.65549
323.41894
323.16291
322.88730
322.59197
322.27676
321.94153
321.58611
321.21032
320.81398
320.39691
319.95888
319.49969
319.01911
318.51690
317.99282
317.44660
316.87799
316.28669
315.67242
315.03487
314.37373
313.68866
312.97934
312.24541
311.48651
310.70225
309.89225
309.05611
308.19341
307.30372
306.38659
305.44158
304.46820
303.46597
302.43438
301.37293
300.28107
299.15825
298.00392
296.81748
295.59833
294.34587
293.05945
291.73841
290.38209
288.98979
287.56080
286.09439
284.58979
283.04625
281.46294
279.83907
278.17378
276.46620
274.71544
272.92059
271.08069
269.19478
267.26185
265.28088
263.25081
261.17055
259.03898
256.85494
254.61726
252.32470
249.97601
247.56990
245.10503
242.58003
239.99348
237.34392
234.62986
231.84974
229.00197
226.08489
223.09682
220.03601
216.90064
213.68885
210.39871
207.02825
203.57540
200.03806
196.41402
192.70104
188.89676
184.99879
181.00462
176.91167
172.71727
168.41867
164.01301
159.49735
154.86864
150.12373
145.25936
140.27217
135.15869
129.91532
124.53838
119.02405
113.36839
107.56736
101.61681
95.51245
89.24993
82.82473
76.23230
69.46794
62.52689
55.40432
48.09532
40.59494
32.89818
332.46354
332.45393
332.42509
332.37701
332.30966
332.22301
332.11703
331.99165
331.84682
331.68246
331.49850
331.29484
331.07139
330.82803
330.56465
330.28111
329.97728
329.65302
329.30815
328.94251
328.55593
328.14820
327.71914
327.26853
326.79615
326.30176
325.78513
325.24600
324.68410
324.09916
323.49089
322.85899
322.20314
321.52303
320.81832
320.08866
319.33368
318.55302
317.74628
316.91307
316.05298
315.16557
314.25041
313.30703
312.33497
311.33375
310.30286
309.24178
308.15000
307.02695
305.87207
304.68479
303.46450
302.21059
300.92243
299.59936
298.24071
296.84579
295.41389
293.94428
292.43621
290.88891
289.30158
287.67340
286.00353
284.29111
282.53524
280.73502
278.88951
276.99773
275.05870
273.07138
271.03474
268.94768
266.80909
264.61784
262.37274
260.07258
257.71611
255.30205
252.82909
250.29585
247.70095
245.04294
242.32033
239.53160
236.67517
233.74942
230.75268
227.68323
224.53928
221.31901
218.02053
214.64189
211.18108
207.63602
204.00458
200.28455
196.47364
192.56951
188.56973
184.47178
180.27308
175.97095
171.56264
167.04527
162.41593
157.67155
152.80901
147.82506
142.71637
137.47949
132.11088
126.60687
120.96370
115.17750
109.24430
103.16001
96.92045
90.52133
83.95828
77.22681
70.32238
63.24036
55.97604
48.52467
40.88144
33.04150
339.73112
339.72124
339.69161
339.64221
339.57301
339.48399
339.37509
339.24627
339.09746
338.92859
338.73957
338.53032
338.30073
338.05069
337.78008
337.48876
337.17659
336.84342
336.48909
336.11341
335.71622
335.29731
334.85647
334.39350
333.90816
333.40021
332.86941
332.31549
331.73819
331.13721
330.51227
329.86305
329.18923
328.49049
327.76648
327.01683
326.24118
325.43915
324.61034
323.75433
322.87071
321.95904
321.01886
320.04970
319.05109
318.02252
316.96348
315.87345
314.75188
313.59820
312.41185
311.19221
309.93869
308.65065
307.32744
305.96839
304.57282
303.14001
301.66925
300.15978
298.61082
297.02161
295.39130
293.71908
292.00409
290.24542
288.44219
286.59345
284.69824
282.75558
280.76445
278.72379
276.63256
274.48962
272.29386
270.04410
267.73914
265.37775
262.95866
260.48055
257.94209
255.34189
252.67853
249.95054
247.15641
244.29458
241.36347
238.36142
235.28674
232.13768
228.91243
225.60915
222.22593
218.76079
215.21170
211.57657
207.85324
204.03949
200.13302
196.13146
192.03238
187.83325
183.53148
179.12438
174.60919
169.98307
165.24307
160.38617
155.40923
150.30905
145.08230
139.72558
134.23537
128.60806
122.83993
116.92717
110.86588
104.65204
98.28156
91.75023
85.05378
78.18784
71.14797
63.92967
56.52836
48.93942
41.15818
33.17995
346.81200
346.80187
346.77146
346.72076
346.64975
346.55838
346.44663
346.31443
346.16171
345.98841
345.79443
345.57969
345.34408
345.08748
344.80977
344.51081
344.19045
343.84854
343.48491
343.09939
342.69178
342.26188
341.80949
341.33438
340.83632
340.31506
339.77035
339.20192
338.60950
337.99278
337.35147
336.68525
335.99380
335.27677
334.53381
333.76455
332.96862
332.14561
331.29514
330.41676
329.51005
328.57456
327.60983
326.61537
325.59070
324.53530
323.44865
322.33020
321.17941
319.99569
318.77844
317.52708
316.24095
314.91943
313.56184
312.16750
310.73571
309.26575
307.75686
306.20829
304.61925
302.98893
301.31650
299.60110
297.84186
296.03786
294.18819
292.29189
290.34798
288.35545
286.31326
284.22035
282.07562
279.87794
277.62617
275.31911
272.95553
270.53418
268.05376
265.51296
262.91039
260.24464
257.51429
254.71782
251.85372
248.92041
245.91626
242.83960
239.68872
236.46185
233.15716
229.77279
226.30679
222.75718
219.12191
215.39886
211.58588
207.68070
203.68103
199.58449
195.38863
191.09091
186.68874
182.17944
177.56023
172.82829
167.98067
163.01436
157.92626
152.71315
147.37176
141.89871
136.29051
130.54361
124.65433
118.61893
112.43356
106.09427
99.59706
92.93780
86.11232
79.11634
71.94555
64.59554
57.06186
49.34002
41.42548
33.31367
353.70670
353.69631
353.66514
353.61317
353.54037
353.44672
353.33216
353.19665
353.04010
352.86245
352.66361
352.44348
352.20196
351.93893
351.65425
351.34779
351.01941
350.66893
350.29619
349.90100
349.48317
349.04250
348.57878
348.09176
347.58123
347.04691
346.48856
345.90590
345.29864
344.66649
344.00913
343.32624
342.61749
341.88253
341.12099
340.33250
339.51667
338.67310
337.80138
336.90106
335.97172
335.01288
334.02408
333.00482
331.95459
330.87289
329.75916
328.61286
327.43341
326.22024
324.97272
323.69024
322.37216
321.01782
319.62654
318.19761
316.73033
315.22395
313.67771
312.09083
310.46251
308.79192
307.07821
305.32051
303.51792
301.66953
299.77438
297.83150
295.83989
293.79852
291.70634
289.56226
287.36517
285.11391
282.80732
280.44417
278.02323
275.54322
273.00282
270.40067
267.73540
265.00556
262.20970
259.34630
256.41380
253.41062
250.33510
247.18556
243.96025
240.65739
237.27513
233.81159
230.26481
226.63278
222.91343
219.10465
215.20425
211.20996
207.11947
202.93039
198.64027
194.24657
189.74669
185.13794
180.41757
175.58273
170.63052
165.55791
160.36182
155.03909
149.58644
144.00053
138.27792
132.41508
126.40841
120.25421
113.94869
107.48798
100.86814
94.08514
87.13489
80.01322
72.71589
65.23862
57.57707
49.72687
41.68358
33.44278
360.41573
360.40509
360.37317
360.31995
360.24541
360.14951
360.03221
359.89344
359.73314
359.55123
359.34762
359.12222
358.87491
358.60557
358.31407
358.00026
357.66400
357.30513
356.92345
356.51879
356.09096
355.63973
355.16490
354.66622
354.14346
353.59635
353.02463
352.42802
351.80623
351.15895
350.48587
349.78665
349.06095
348.30841
347.52867
346.72133
345.88601
345.02230
344.12976
343.20795
342.25643
341.27471
340.26233
339.21877
338.14351
337.03604
335.89579
334.72221
333.51470
332.27267
330.99551
329.68256
328.33319
326.94670
325.52242
324.05963
322.55760
321.01556
319.43275
317.80836
316.14158
314.43157
312.67746
310.87835
309.03335
307.14150
305.20184
303.21338
301.17510
299.08596
296.94487
294.75074
292.50243
290.19877
287.83857
285.42058
282.94356
280.40620
277.80716
275.14507
272.41852
269.62606
266.76620
263.83741
260.83812
257.76671
254.62151
251.40082
248.10288
244.72587
241.26794
237.72718
234.10162
230.38924
226.58795
222.69562
218.71004
214.62896
210.45004
206.17089
201.78904
197.30196
192.70705
188.00162
183.18291
178.24811
173.19429
168.01848
162.71759
157.28849
151.72792
146.03259
140.19909
134.22394
128.10358
121.83436
115.41255
108.83437
102.09593
95.19329
88.12244
80.87929
73.45971
65.85953
58.07449
50.10034
41.93276
33.56743
366.93958
366.92869
366.89604
366.84160
366.76536
366.66726
366.54726
366.40531
366.24134
366.05526
365.84698
365.61641
365.36343
365.08791
364.78973
364.46874
364.12477
363.75767
363.36725
362.95332
362.51568
362.05412
361.56841
361.05831
360.52358
359.96395
359.37914
358.76888
358.13286
357.47077
356.78229
356.06708
355.32478
354.55505
353.75748
352.93170
352.07730
351.19386
350.28095
349.33810
348.36487
347.36077
346.32530
345.25796
344.15821
343.02552
341.85931
340.65903
339.42406
338.15380
336.84762
335.50486
334.12486
332.70693
331.25037
329.75445
328.21841
326.64149
325.02290
323.36183
321.65744
319.90887
318.11524
316.27565
314.38917
312.45482
310.47165
308.43863
306.35473
304.21889
302.03000
299.78695
297.48859
295.13372
292.72114
290.24959
287.71778
285.12440
282.46809
279.74747
276.96109
274.10750
271.18518
268.19258
265.12811
261.99014
258.77697
255.48689
252.11812
248.66882
245.13713
241.52112
237.81880
234.02815
230.14705
226.17338
222.10490
217.93935
213.67440
209.30763
204.83659
200.25874
195.57147
190.77211
185.85791
180.82605
175.67362
170.39767
164.99513
159.46289
153.79773
147.99638
142.05547
135.97156
129.74115
123.36063
116.82635
110.13456
103.28147
96.26320
89.07582
81.71534
74.17771
66.45883
58.55458
50.46078
42.17324
33.68772
373.27874
373.26762
373.23425
373.17862
373.10070
373.00045
372.87782
372.73276
372.56519
372.37503
372.16219
371.92656
371.66803
371.38648
371.08176
370.75373
370.40222
370.02707
369.62810
369.20510
368.75788
368.28621
367.78986
367.26859
366.72215
366.15026
365.55266
364.92904
364.27910
363.60253
362.89899
362.16814
361.40962
360.62305
359.80806
358.96424
358.09118
357.18845
356.25561
355.29219
354.29773
353.27174
352.21370
351.12310
349.99940
348.84205
347.65047
346.42407
345.16226
343.86440
342.52985
341.15795
339.74801
338.29935
336.81123
335.28292
333.71365
332.10264
330.44909
328.75217
327.01102
325.22478
323.39255
321.51340
319.58638
317.61053
315.58485
313.50831
311.37985
309.19840
306.96284
304.67203
302.32480
299.91994
297.45623
294.93239
292.34712
289.69908
286.98690
284.20917
281.36443
278.45122
275.46798
272.41317
269.28516
266.08230
262.80290
259.44520
256.00742
252.48772
248.88419
245.19491
241.41788
237.55104
233.59230
229.53948
225.39038
221.14270
216.79411
212.34220
207.78450
203.11848
198.34154
193.45100
188.44412
183.31809
178.07003
172.69699
167.19593
161.56375
155.79728
149.89326
143.84838
137.65924
131.32236
124.83422
118.19119
111.38961
104.42574
97.29578
89.99586
82.52209
74.87049
67.03706
59.01776
50.80852
42.40523
33.80377
379.43369
379.42234
379.38827
379.33147
379.25192
379.14957
379.02437
378.87626
378.70518
378.51103
378.29373
378.05316
377.78921
377.50175
377.19065
376.85574
376.49687
376.11386
375.70652
375.27466
374.81807
374.33652
373.82977
373.29759
372.73970
372.15585
371.54573
370.90907
370.24553
369.55481
368.83655
368.09042
367.31604
366.51304
365.68102
364.81957
363.92828
363.00671
362.05440
361.07088
360.05568
359.00829
357.92821
356.81489
355.66779
354.48635
353.26998
352.01809
350.73005
349.40523
348.04298
346.64261
345.20345
343.72476
342.20583
340.64590
339.04418
337.39989
335.71220
333.98028
332.20325
330.38023
328.51031
326.59255
324.62598
322.60963
320.54246
318.42345
316.25152
314.02557
311.74447
309.40707
307.01218
304.55857
302.04500
299.47017
296.83277
294.13145
291.36480
288.53141
285.62981
282.65850
279.61592
276.50050
273.31060
270.04456
266.70066
263.27714
259.77220
256.18397
252.51056
248.75001
244.90030
240.95939
236.92516
232.79542
228.56797
224.24051
219.81069
215.27610
210.63429
205.88270
201.01875
196.03977
190.94302
185.72571
180.38497
174.91787
169.32139
163.59245
157.72792
151.72457
145.57911
139.28820
132.84840
126.25623
119.50814
112.60051
105.52965
98.29185
90.88331
83.30020
75.53864
67.59471
59.46444
51.14386
42.62895
33.91567
385.40490
385.39332
385.35857
385.30063
385.21948
385.11508
384.98737
384.83629
384.66178
384.46374
384.24208
383.99668
383.72744
383.43423
383.11688
382.77526
382.40920
382.01852
381.60302
381.16251
380.69677
380.20557
379.68868
379.14584
378.57678
377.98124
377.35892
376.70951
376.03270
375.32816
374.59554
373.83449
373.04464
372.22559
371.37695
370.49830
369.58921
368.64924
367.67793
366.67480
365.63936
364.57110
363.46950
362.33401
361.16408
359.95913
358.71858
357.44180
356.12817
354.77705
353.38777
351.95963
350.49195
348.98398
347.43499
345.84420
344.21083
342.53408
340.81310
339.04703
337.23501
335.37613
333.46946
331.51405
329.50893
327.45308
325.34547
323.18506
320.97075
318.70144
316.37596
313.99316
311.55182
309.05071
306.48857
303.86407
301.17590
298.42268
295.60300
292.71542
289.75846
286.73059
283.63025
280.45585
277.20573
273.87823
270.47159
266.98406
263.41381
259.75897
256.01762
252.18780
248.26749
244.25462
240.14706
235.94264
231.63912
227.23422
222.72558
218.11079
213.38739
208.55283
203.60454
198.53985
193.35604
188.05032
182.61983
177.06167
171.37285
165.55030
159.59092
153.49152
147.24885
140.85959
134.32036
127.62772
120.77818
113.76816
106.59406
99.25221
91.73888
84.05032
76.18272
68.13223
59.89498
51.46707
42.84457
34.02353
391.19282
391.18102
391.14560
391.08656
391.00385
390.89744
390.76729
390.61331
390.43545
390.23362
390.00770
389.75761
389.48321
389.18437
388.86095
388.51278
388.13970
387.74153
387.31808
386.86913
386.39447
385.89387
385.36708
384.81384
384.23390
383.62696
382.99273
382.33090
381.64115
380.92314
380.17651
379.40092
378.59597
377.76128
376.89643
376.00101
375.07458
374.11667
373.12684
372.10458
371.04941
369.96080
368.83822
367.68112
366.48893
365.26107
363.99694
362.69591
361.35734
359.98058
358.56495
357.10975
355.61427
354.07777
352.49948
350.87864
349.21443
347.50604
345.75262
343.95330
342.10719
340.21337
338.27091
336.27883
334.23614
332.14183
329.99484
327.79412
325.53855
323.22700
320.85833
318.43133
315.94478
313.39744
310.78802
308.11521
305.37763
302.57393
299.70266
296.76236
293.75155
290.66869
287.51219
284.28045
280.97181
277.58457
274.11698
270.56725
266.93356
263.21402
259.40670
255.50963
251.52078
247.43807
243.25937
238.98250
234.60521
230.12522
225.54016
220.84764
216.04518
211.13026
206.10028
200.95260
195.68451
190.29323
184.77592
179.12969
173.35157
167.43854
161.38750
155.19530
148.85872
142.37449
135.73927
128.94967
122.00223
114.89345
107.61977
100.17759
92.56324
84.77303
76.80323
68.65007
60.30974
51.77843
43.05227
34.12742
396.79790
396.78588
396.74982
396.68969
396.60546
396.49711
396.36456
396.20777
396.02665
395.82112
395.59107
395.33639
395.05696
394.75265
394.42330
394.06876
393.68885
393.28339
392.85218
392.39501
391.91166
391.40190
390.86547
390.30211
389.71156
389.09352
388.44769
387.77376
387.07140
386.34027
385.58001
384.79025
383.97060
383.12067
382.24004
381.32828
380.38495
379.40959
378.40171
377.36083
376.28644
375.17801
374.03501
372.85686
371.64300
370.39283
369.10574
367.78110
366.41825
365.01653
363.57526
362.09371
360.57117
359.00688
357.40009
355.74998
354.05576
352.31658
350.53159
348.69990
346.82062
344.89281
342.91551
340.88775
338.80852
336.67679
334.49150
332.25157
329.95586
327.60326
325.19257
322.72259
320.19209
317.59981
314.94443
312.22464
309.43905
306.58628
303.66488
300.67337
297.61025
294.47397
291.26293
287.97551
284.61004
281.16480
277.63804
274.02795
270.33270
266.55039
262.67908
258.71679
254.66148
250.51107
246.26341
241.91632
237.46756
232.91483
228.25577
223.48798
218.60899
213.61628
208.50727
203.27931
197.92971
192.45571
186.85448
181.12315
175.25877
169.25833
163.11878
156.83700
150.40979
143.83393
137.10612
130.22300
123.18118
115.97719
108.60754
101.06867
93.35700
85.46888
77.40065
69.14861
60.70904
52.07816
43.25223
34.22744
402.22057
402.20834
402.17164
402.11046
402.02476
401.91451
401.77964
401.62010
401.43581
401.22668
400.99260
400.73347
400.44915
400.13951
399.80440
399.44365
399.05709
398.64454
398.20578
397.74062
397.24882
396.73014
396.18433
395.61113
395.01026
394.38142
393.72431
393.03861
392.32398
391.58008
390.80655
390.00301
389.16906
388.30431
387.40833
386.48068
385.52091
384.52856
383.50314
382.44414
381.35106
380.22336
379.06048
377.86187
376.62693
375.35507
374.04565
372.69804
371.31158
369.88559
368.41937
366.91221
365.36336
363.77206
362.13754
360.45899
358.73559
356.96648
355.15080
353.28766
351.37613
349.41528
347.40413
345.34170
343.22696
341.05887
338.83636
336.55832
334.22364
331.83114
329.37964
326.86792
324.29474
321.65880
318.95881
316.19340
313.36121
310.46081
307.49075
304.44954
301.33567
298.14755
294.88360
291.54218
288.12158
284.62011
281.03597
277.36737
273.61245
269.76931
265.83600
261.81052
257.69084
253.47485
249.16043
244.74537
240.22743
235.60431
230.87365
226.03306
221.08007
216.01215
210.82675
205.52122
200.09287
194.53897
188.85670
183.04320
177.09556
171.01079
164.78585
158.41766
151.90307
145.23888
138.42182
131.44859
124.31584
117.02015
109.55807
101.92612
94.12075
86.13839
77.97543
69.62825
61.09317
52.36652
43.44458
34.32365
407.46124
407.44881
407.41150
407.34929
407.26216
407.15006
407.01295
406.85074
406.66337
406.45073
406.21274
405.94928
405.66020
405.34539
405.00467
404.63790
404.24488
403.82543
403.37935
402.90642
402.40640
401.87906
401.32414
400.74137
400.13047
399.49113
398.82306
398.12592
397.39938
396.64308
395.85665
395.03972
394.19188
393.31273
392.40183
391.45874
390.48301
389.47415
388.43168
387.35509
386.24385
385.09742
383.91525
382.69675
381.44134
380.14840
378.81730
377.44738
376.03799
374.58843
373.09799
371.56594
369.99154
368.37402
366.71258
365.00641
363.25467
361.45650
359.61103
357.71734
355.77451
353.78159
351.73758
349.64150
347.49229
345.28892
343.03029
340.71529
338.34277
335.91156
333.42047
330.86827
328.25368
325.57541
322.83214
320.02251
317.14512
314.19854
311.18131
308.09193
304.92886
301.69052
298.37530
294.98155
291.50756
287.95161
284.31192
280.58666
276.77397
272.87195
268.87862
264.79201
260.61004
256.33063
251.95163
247.47084
242.88602
238.19487
233.39502
228.48409
223.45961
218.31907
213.05990
207.67949
202.17514
196.54414
190.78369
184.89096
178.86303
172.69695
166.38973
159.93828
153.33951
146.59023
139.68724
132.62726
125.40698
118.02304
110.47203
102.75053
94.85503
86.78204
78.52799
70.08933
61.46243
52.64370
43.62948
34.41614
412.52034
412.50771
412.46980
412.40660
412.31808
412.20419
412.06488
411.90009
411.70972
411.49370
411.25191
410.98424
410.69055
410.37071
410.02457
409.65194
409.25265
408.82652
408.37332
407.89284
407.38486
406.84911
406.28535
405.69329
405.07266
404.42314
403.74443
403.03619
402.29808
401.52975
400.73081
399.90089
399.03957
398.14644
397.22107
396.26300
395.27177
394.24690
393.18789
392.09423
390.96537
389.80078
388.59988
387.36210
386.08683
384.77344
383.42130
382.02975
380.59811
379.12569
377.61176
376.05558
374.45640
372.81344
371.12589
369.39294
367.61372
365.78738
363.91302
361.98972
360.01654
357.99252
355.91667
353.78796
351.60535
349.36778
347.07414
344.72331
342.31413
339.84543
337.31598
334.72454
332.06984
329.35057
326.56539
323.71292
320.79177
317.80048
314.73758
311.60156
308.39087
305.10392
301.73909
298.29470
294.76906
291.16042
287.46698
283.68693
279.81838
275.85943
271.80810
267.66238
263.42024
259.07955
254.63817
250.09390
245.44450
240.68766
235.82103
230.84222
225.74876
220.53816
215.20785
209.75523
204.17762
198.47231
192.63653
186.66745
180.56219
174.31782
167.93136
161.39978
154.71999
147.88885
140.90319
133.75977
126.45532
118.98654
111.35005
103.54247
95.56037
87.40029
79.05873
70.53217
61.81709
52.90991
43.80706
34.50496
417.39825
417.38543
417.34694
417.28278
417.19291
417.07729
416.93586
416.76855
416.57529
416.35598
416.11051
415.83876
415.54061
415.21590
414.86448
414.48619
414.08082
413.64820
413.18811
412.70033
412.18462
411.64073
411.06839
410.46734
409.83727
409.17789
408.48887
407.76988
407.02056
406.24057
405.42951
404.58699
403.71261
402.80595
401.86655
400.89397
399.88773
398.84734
397.77231
396.66210
395.51618
394.33399
393.11496
391.85849
390.56397
389.23078
387.85827
386.44576
384.99257
383.49800
381.96132
380.38177
378.75859
377.09100
375.37817
373.61927
371.81345
369.95983
368.05749
366.10552
364.10297
362.04884
359.94215
357.78186
355.56692
353.29625
350.96873
348.58323
346.13858
343.63359
341.06702
338.43763
335.74413
332.98519
330.15947
327.26558
324.30210
321.26757
318.16052
314.97941
311.72269
308.38876
304.97597
301.48266
297.90710
294.24755
290.50221
286.66924
282.74675
278.73283
274.62550
270.42275
266.12252
261.72270
257.22115
252.61565
247.90396
243.08379
238.15278
233.10854
227.94861
222.67051
217.27167
211.74950
206.10135
200.32450
194.41621
188.37366
182.19401
175.87433
169.41168
162.80304
156.04536
149.13554
142.07044
134.84686
127.46156
119.91128
112.19271
104.30248
96.23724
87.99356
79.56800
70.95711
62.15739
53.16534
43.97745
34.59018
422.09536
422.08235
422.04331
421.97822
421.88704
421.76974
421.62626
421.45653
421.26046
421.03796
420.78893
420.51324
420.21076
419.88134
419.52483
419.14104
418.72980
418.29091
417.82415
417.32930
416.80611
416.25434
415.67371
415.06395
414.42476
413.75583
413.05683
412.32743
411.56728
410.77600
409.95321
409.09851
408.21150
407.29173
406.33876
405.35214
404.33138
403.27599
402.18545
401.05924
399.89681
398.69759
397.46102
396.18647
394.87334
393.52100
392.12877
390.69599
389.22197
387.70598
386.14729
384.54514
382.89875
381.20733
379.47006
377.68608
375.85453
373.97453
372.04515
370.06546
368.03450
365.95128
363.81478
361.62397
359.37778
357.07511
354.71485
352.29584
349.81692
347.27686
344.67444
342.00838
339.27739
336.48014
333.61527
330.68137
327.67701
324.60075
321.45106
318.22643
314.92527
311.54599
308.08693
304.54640
300.92269
297.21403
293.41862
289.53461
285.56011
281.49319
277.33187
273.07414
268.71794
264.26114
259.70161
255.03713
250.26546
245.38430
240.39131
235.28409
230.06019
224.71713
219.25237
213.66331
207.94731
202.10168
196.12369
190.01054
183.75939
177.36736
170.83152
164.14888
157.31643
150.33108
143.18972
135.88921
128.42633
120.79787
113.00055
105.03107
96.88609
88.56225
80.05616
71.36441
62.48356
53.41016
44.14075
34.67186
426.61205
426.59886
426.55927
426.49328
426.40085
426.28193
426.13646
425.96438
425.76560
425.54003
425.28756
425.00806
424.70140
424.36743
424.00599
423.61691
423.19999
422.75503
422.28183
421.78014
421.24974
420.69035
420.10171
419.48354
418.83553
418.15737
417.44874
416.70929
415.93866
415.13648
414.30236
413.43590
412.53668
411.60426
410.63819
409.63800
408.60321
407.53332
406.42781
405.28614
404.10777
402.89211
401.63859
400.34659
399.01549
397.64464
396.23338
394.78103
393.28687
391.75020
390.17026
388.54629
386.87750
385.16308
383.40220
381.59401
379.73763
377.83215
375.87667
373.87023
371.81185
369.70054
367.53528
365.31501
363.03865
360.70512
358.31326
355.86193
353.34993
350.77605
348.13904
345.43762
342.67047
339.83627
336.93363
333.96116
330.91740
327.80088
324.61010
321.34351
317.99953
314.57654
311.07289
307.48688
303.81678
300.06082
296.21718
292.28402
288.25943
284.14149
279.92820
275.61756
271.20749
266.69587
262.08057
257.35936
252.53000
247.59020
242.53761
237.36985
232.08448
226.67901
221.15091
215.49760
209.71645
203.80478
197.75988
191.57896
185.25921
178.79776
172.19171
165.43810
158.53393
151.47616
144.26171
136.88746
129.35024
121.64687
113.77411
105.72871
97.50736
89.10675
80.52354
71.75436
62.79583
53.64454
44.29710
34.75006
430.94867
430.93530
430.89520
430.82834
430.73469
430.61420
430.46682
430.29248
430.09109
429.86256
429.60676
429.32359
429.01290
428.67454
428.30835
427.91415
427.49176
427.04096
426.56154
426.05326
425.51589
424.94916
424.35279
423.72651
423.07000
422.38295
421.66502
420.91588
420.13515
419.32245
418.47741
417.59960
416.68861
415.74398
414.76528
413.75201
412.70369
411.61983
410.49988
409.34331
408.14955
406.91804
405.64818
404.33935
402.99092
401.60224
400.17263
398.70140
397.18785
395.63124
394.03082
392.38581
390.69542
388.95883
387.17520
385.34367
383.46335
381.53334
379.55270
377.52047
375.43568
373.29730
371.10432
368.85567
366.55026
364.18699
361.76470
359.28223
356.73838
354.13192
351.46160
348.72612
345.92416
343.05438
340.11539
337.10578
334.02408
330.86883
327.63850
324.33154
320.94635
317.48131
313.93476
310.30500
306.59028
302.78882
298.89882
294.91840
290.84566
286.67867
282.41545
278.05396
273.59213
269.02785
264.35897
259.58328
254.69853
249.70243
244.59264
239.36678
234.02242
228.55707
222.96822
217.25328
211.40966
205.43467
199.32563
193.07976
186.69427
180.16631
173.49301
166.67142
159.69858
152.57148
145.28705
137.84222
130.23386
122.45881
114.51387
106.39583
98.10143
89.62739
80.97043
72.12721
63.09440
53.86864
44.44657
34.82482
435.10557
435.09203
435.05143
434.98373
434.88891
434.76692
434.61770
434.44118
434.23727
434.00588
433.74689
433.46018
433.14561
432.80303
432.43226
432.03314
431.60547
431.14905
430.66364
430.14903
429.60495
429.03115
428.42735
427.79325
427.12856
426.43294
425.70607
424.94759
424.15714
423.33433
422.47877
421.59004
420.66771
419.71134
418.72047
417.69462
416.63328
415.53596
414.40211
413.23120
412.02265
410.77588
409.49029
408.16527
406.80016
405.39431
403.94704
402.45766
400.92544
399.34964
397.72951
396.06426
394.35309
392.59517
390.78965
388.93567
387.03233
385.07870
383.07386
381.01684
378.90663
376.74223
374.52259
372.24664
369.91329
367.52142
365.06987
362.55746
359.98298
357.34520
354.64286
351.87464
349.03922
346.13525
343.16132
340.11602
336.99788
333.80541
330.53708
327.19133
323.76657
320.26114
316.67340
313.00162
309.24406
305.39893
301.46441
297.43864
293.31970
289.10565
284.79450
280.38423
275.87277
271.25798
266.53773
261.70980
256.77196
251.72190
246.55730
241.27577
235.87489
230.35218
224.70514
218.93121
213.02777
206.99218
200.82174
194.51372
188.06534
181.47376
174.73614
167.84954
160.81105
153.61766
146.26635
138.75407
131.07772
123.23417
115.22028
107.03286
98.66868
90.12452
81.39712
72.48320
63.37946
54.08260
44.58929
34.89620
439.08308
439.06938
439.02830
438.95980
438.86385
438.74042
438.58943
438.41081
438.20449
437.97035
437.70829
437.41819
437.09988
436.75324
436.37808
435.97424
435.54150
435.07967
434.58851
434.06780
433.51728
432.93669
432.32574
431.68414
431.01159
430.30774
429.57228
428.80483
428.00504
427.17251
426.30684
425.40762
424.47441
423.50676
422.50420
421.46625
420.39241
419.28216
418.13496
416.95027
415.72751
414.46609
413.16540
411.82481
410.44368
409.02135
407.55712
406.05030
404.50015
402.90593
401.26687
399.58218
397.85105
396.07265
394.24612
392.37058
390.44513
388.46884
386.44076
384.35992
382.22532
380.03594
377.79071
375.48856
373.12840
370.70908
368.22944
365.68830
363.08444
360.41661
357.68353
354.88391
352.01639
349.07962
346.07218
342.99265
339.83955
336.61139
333.30663
329.92370
326.46098
322.91685
319.28962
315.57757
311.77896
307.89198
303.91481
299.84559
295.68239
291.42327
287.06624
282.60926
278.05027
273.38714
268.61772
263.73980
258.75114
253.64946
248.43242
243.09765
237.64272
232.06518
226.36252
220.53218
214.57158
208.47808
202.24899
195.88161
189.37315
182.72082
175.92177
168.97313
161.87195
154.61530
147.20017
139.62353
131.88232
123.97344
115.89378
107.64018
99.20947
90.59844
81.80388
72.82255
63.65120
54.28655
44.72533
34.96424
442.88152
442.86768
442.82613
442.75686
442.65984
442.53501
442.38233
442.20171
441.99306
441.75630
441.49130
441.19793
440.87605
440.52552
440.14615
439.73776
439.30017
438.83315
438.33649
437.80993
437.25324
436.66613
436.04833
435.39954
434.71945
434.00772
433.26401
432.48797
431.67922
430.83737
429.96202
429.05274
428.10909
427.13062
426.11686
425.06732
423.98149
422.85885
421.69886
420.50096
419.26458
417.98911
416.67394
415.31844
413.92196
412.48383
411.00335
409.47981
407.91248
406.30060
404.64340
402.94009
401.18984
399.39181
397.54514
395.64894
393.70231
391.70431
389.65397
387.55032
385.39236
383.17903
380.90930
378.58206
376.19620
373.75060
371.24406
368.67541
366.04341
363.34681
360.58431
357.75462
354.85637
351.88820
348.84869
345.73639
342.54984
339.28753
335.94790
332.52938
329.03037
325.44920
321.78420
318.03364
314.19576
310.26877
306.25083
302.14006
297.93455
293.63235
289.23146
284.72985
280.12545
275.41613
270.59974
265.67408
260.63691
255.48593
250.21883
244.83323
239.32672
233.69685
227.94111
222.05697
216.04185
209.89311
203.60810
197.18410
190.61838
183.90814
177.05056
170.04278
162.88189
155.56497
148.08904
140.45111
132.64813
124.67704
116.53476
108.21816
99.72411
91.04944
82.19097
73.14548
63.90978
54.48062
44.85478
35.02899
446.50121
446.48722
446.44523
446.37522
446.27717
446.15102
445.99671
445.81417
445.60331
445.36403
445.09621
444.79972
444.47443
444.12017
443.73677
443.32405
442.88181
442.40983
441.90790
441.37576
440.81315
440.21982
439.59547
438.93980
438.25249
437.53322
436.78163
435.99737
435.18005
434.32929
433.44467
432.52577
431.57214
430.58333
429.55886
428.49823
427.40094
426.26645
425.09422
423.88369
422.63428
421.34537
420.01636
418.64661
417.23545
415.78221
414.28618
412.74666
411.16290
409.53414
407.85960
406.13848
404.36995
402.55316
400.68724
398.77130
396.80442
394.78565
392.71404
390.58859
388.40829
386.17209
383.87893
381.52771
379.11732
376.64659
374.11436
371.51942
368.86053
366.13644
363.34584
360.48743
357.55983
354.56167
351.49152
348.34794
345.12945
341.83452
338.46160
335.00912
331.47545
327.85894
324.15789
320.37057
316.49523
312.53006
308.47321
304.32282
300.07695
295.73366
291.29096
286.74679
282.09909
277.34575
272.48459
267.51343
262.43002
257.23208
251.91728
246.48327
240.92764
235.24793
229.44166
223.50630
217.43927
211.23796
204.89973
198.42188
191.80167
185.03635
178.12310
171.05908
163.84142
156.46720
148.93348
141.23728
133.37559
125.34539
117.14361
108.76715
100.21293
91.47779
82.55860
73.45219
64.15536
54.66494
44.97772
35.09047
449.94244
449.92831
449.88589
449.81519
449.71615
449.58873
449.43288
449.24850
449.03553
448.79385
448.52334
448.22388
447.89532
447.53751
447.15027
446.73341
446.28673
445.81003
445.30306
444.76559
444.19735
443.59807
442.96747
442.30523
441.61105
440.88458
440.12547
439.33337
438.50788
437.64862
436.75516
435.82708
434.86393
433.86525
432.83056
431.75935
430.65112
429.50533
428.32143
427.09885
425.83701
424.53529
423.19308
421.80973
420.38456
418.91691
417.40607
415.85130
414.25188
412.60702
410.91594
409.17783
407.39187
405.55718
403.67291
401.73814
399.75195
397.71340
395.62150
393.47527
391.27367
389.01567
386.70018
384.32610
381.89230
379.39764
376.84091
374.22092
371.53641
368.78612
365.96875
363.08296
360.12740
357.10066
354.00134
350.82796
347.57903
344.25304
340.84843
337.36360
333.79693
330.14676
326.41139
322.58909
318.67808
314.67656
310.58269
306.39459
302.11033
297.72795
293.24546
288.66081
283.97194
279.17672
274.27299
269.25857
264.13121
258.88862
253.52851
248.04849
242.44618
236.71912
230.86485
224.88083
218.76452
212.51330
206.12453
199.59555
192.92364
186.10603
179.13995
172.02258
164.75105
157.32247
149.73394
141.98248
134.06512
125.97886
117.72067
109.28747
100.67620
91.88375
82.90701
73.74284
64.38809
54.83961
45.09422
35.14874
453.20548
453.19122
453.14840
453.07703
452.97705
452.84843
452.69110
452.50499
452.29000
452.04603
451.77297
451.47068
451.13902
450.77783
450.38693
449.96613
449.51524
449.03403
448.52228
447.97973
447.40613
446.80120
446.16465
445.49617
444.79544
444.06212
443.29586
442.49630
441.66304
440.79568
439.89382
438.95701
437.98480
436.97673
435.93231
434.85105
433.73241
432.57587
431.38087
430.14683
428.87317
427.55926
426.20449
424.80820
423.36972
421.88836
420.36342
418.79416
417.17983
415.51966
413.81285
412.05859
410.25605
408.40435
406.50262
404.54995
402.54540
400.48803
398.37684
396.21085
393.98901
391.71027
389.37356
386.97775
384.52171
382.00429
379.42428
376.78048
374.07162
371.29644
368.45362
365.54182
362.55969
359.50581
356.37875
353.17706
349.89923
346.54374
343.10901
339.59347
335.99546
332.31333
328.54537
324.68985
320.74499
316.70897
312.57996
308.35607
304.03537
299.61590
295.09566
290.47261
285.74468
280.90974
275.96565
270.91020
265.74116
260.45626
255.05317
249.52955
243.88300
238.11108
232.21133
226.18122
220.01822
213.71972
207.28311
200.70571
193.98483
187.11774
180.10166
172.93378
165.61127
158.13127
150.49086
142.68713
134.71711
126.57783
118.26627
109.77941
101.11419
92.26755
83.23640
74.01762
64.60811
55.00473
45.20436
35.20383
456.29061
456.27622
456.23303
456.16102
456.06015
455.93039
455.77166
455.58390
455.36700
455.12086
454.84538
454.54041
454.20580
453.84140
453.44703
453.02250
452.56761
452.08213
451.56584
451.01848
450.43979
449.82950
449.18731
448.51290
447.80596
447.06615
446.29311
445.48647
444.64583
443.77081
442.86097
441.91588
440.93508
439.91811
438.86447
437.77366
436.64516
435.47842
434.27289
433.02798
431.74311
430.41765
429.05096
427.64241
426.19130
424.69695
423.15863
421.57563
419.94717
418.27248
416.55076
414.78119
412.96293
411.09510
409.17682
407.20718
405.18523
403.11001
400.98055
398.79582
396.55480
394.25641
391.89957
389.48317
387.00606
384.46707
381.86500
379.19863
376.46671
373.66794
370.80101
367.86458
364.85727
361.77767
358.62436
355.39585
352.09064
348.70721
345.24398
341.69934
338.07166
334.35927
330.56047
326.67350
322.69659
318.62793
314.46566
310.20790
305.85272
301.39816
296.84221
292.18284
287.41797
282.54547
277.56320
272.46897
267.26053
261.93562
256.49192
250.92709
245.23874
239.42443
233.48171
227.40806
221.20096
214.85781
208.37601
201.75290
194.98580
188.07198
181.00870
173.79316
166.42254
158.89400
151.20466
143.35161
135.33191
127.14261
118.78073
110.24325
101.52716
92.62942
83.54695
74.27669
64.81554
55.16041
45.30819
35.25576
459.19808
459.18357
459.14002
459.06741
458.96571
458.83486
458.67481
458.48548
458.26678
458.01860
457.74082
457.43331
457.09592
456.72849
456.33084
455.90278
455.44411
454.95459
454.43401
453.88210
453.29861
452.68325
452.03572
451.35572
450.64291
449.89696
449.11751
448.30417
447.45657
446.57430
445.65692
444.70400
443.71508
442.68970
441.62734
440.52752
439.38969
438.21332
436.99783
435.74266
434.44719
433.11080
431.73286
430.31271
428.84967
427.34304
425.79209
424.19610
422.55429
420.86588
419.13007
417.34603
415.51292
413.62985
411.69594
409.71026
407.67187
405.57980
403.43307
401.23065
398.97150
396.65455
394.27871
391.84285
389.34584
386.78648
384.16358
381.47590
378.72219
375.90114
373.01145
370.05175
367.02068
363.91681
360.73870
357.48488
354.15384
350.74403
347.25389
343.68180
340.02612
336.28519
332.45727
328.54064
324.53350
320.43404
316.24041
311.95071
307.56301
303.07536
298.48574
293.79212
288.99242
284.08453
279.06628
273.93549
268.68992
263.32731
257.84536
252.24170
246.51397
240.65974
234.67655
228.56191
222.31328
215.92810
209.40376
202.73763
195.92702
188.96924
181.86155
174.60116
167.18529
159.61110
151.87572
143.97628
135.90987
127.67353
119.26432
110.67926
101.91534
92.96955
83.83885
74.52018
65.01050
55.30673
45.40578
35.30457
461.92813
461.91350
461.86961
461.79644
461.69395
461.56208
461.40079
461.20999
460.98959
460.73948
460.45954
460.14964
459.80963
459.43935
459.03861
458.60723
458.14499
457.65168
457.12706
456.57087
455.98285
455.36271
454.71016
454.02489
453.30656
452.55482
451.76933
450.94970
450.09554
449.20643
448.28196
447.32167
446.32511
445.29180
444.22124
443.11292
441.96632
440.78087
439.55602
438.29117
436.98573
435.63906
434.25053
432.81946
431.34518
429.82699
428.26415
426.65593
425.00155
423.30023
421.55116
419.75350
417.90641
416.00900
414.06037
412.05960
410.00573
407.89781
405.73482
403.51575
401.23954
398.90513
396.51140
394.05725
391.54150
388.96298
386.32048
383.61275
380.83854
377.99654
375.08544
372.10386
369.05043
365.92373
362.72231
359.44468
356.08934
352.65474
349.13929
345.54140
341.85940
338.09162
334.23635
330.29183
326.25628
322.12788
317.90477
313.58505
309.16681
304.64807
300.02682
295.30103
290.46862
285.52748
280.47544
275.31033
270.02991
264.63191
259.11404
253.47394
247.70926
241.81756
235.79640
229.64329
223.35571
216.93110
210.36686
203.66038
196.80898
189.80997
182.66063
175.35820
167.89990
160.28291
152.50440
144.56149
136.45128
128.17088
119.71733
111.08767
102.27894
93.28814
84.11225
74.74825
65.19311
55.44377
45.49718
35.35028
464.48098
464.46625
464.42204
464.34834
464.24510
464.11229
463.94983
463.75765
463.53565
463.28374
463.00177
462.68964
462.34717
461.97421
461.57057
461.13607
460.67050
460.17362
459.64521
459.08501
458.49274
457.86813
457.21088
456.52066
455.79715
455.04000
454.24884
453.42331
452.56299
451.66748
450.73636
449.76916
448.76543
447.72469
446.64645
445.53017
444.37533
443.18138
441.94774
440.67383
439.35904
438.00273
436.60427
435.16297
433.67816
432.14913
430.57515
428.95546
427.28931
425.57588
423.81438
422.00396
420.14377
418.23291
416.27049
414.25558
412.18721
410.06442
407.88620
405.65153
403.35934
401.00856
398.59808
396.12678
393.59348
390.99701
388.33614
385.60964
382.81623
379.95461
377.02344
374.02137
370.94701
367.79893
364.57567
361.27575
357.89766
354.43984
350.90070
347.27864
343.57200
339.77910
335.89822
331.92760
327.86546
323.70997
319.45928
315.11148
310.66465
306.11683
301.46599
296.71011
291.84711
286.87487
281.79124
276.59403
271.28101
265.84993
260.29848
254.62433
248.82510
242.89839
236.84175
230.65270
224.32872
217.86727
211.26577
204.52159
197.63208
190.59457
183.40635
176.06466
168.56675
160.90981
153.09102
145.10752
136.95645
128.63491
120.13998
111.46871
102.61816
93.58536
84.36731
74.96101
65.36345
55.57161
45.58245
35.39293
466.85685
466.84202
466.79751
466.72331
466.61939
466.48569
466.32214
466.12867
465.90519
465.65158
465.36773
465.05351
464.70875
464.33329
463.92695
463.48955
463.02086
462.52066
461.98871
461.42476
460.82853
460.19975
459.53810
458.84327
458.11493
457.35272
456.55629
455.72524
454.85919
453.95771
453.02037
452.04673
451.03632
449.98865
448.90323
447.77952
446.61701
445.41512
444.17329
442.89093
441.56741
440.20211
438.79438
437.34354
435.84891
434.30977
432.72539
431.09502
429.41788
427.69317
425.92007
424.09775
422.22533
420.30194
418.32666
416.29855
414.21667
412.08002
409.88759
407.63837
405.33128
402.96524
400.53914
398.05185
395.50219
392.88898
390.21100
387.46699
384.65568
381.77576
378.82590
375.80473
372.71085
369.54284
366.29923
362.97854
359.57925
356.09979
352.53859
348.89401
345.16442
341.34811
337.44337
333.44844
329.36153
325.18082
320.90444
316.53049
312.05705
307.48214
302.80376
298.01987
293.12838
288.12720
283.01416
277.78708
272.44373
266.98187
261.39918
255.69334
249.86198
243.90270
237.81305
231.59057
225.23275
218.73705
212.10089
205.32167
198.39674
191.32344
184.09907
176.72090
169.18618
161.49211
153.63589
145.61469
137.42565
129.06588
120.53250
111.82259
102.93319
93.86138
84.60416
75.15858
65.52163
55.69032
45.66162
35.43252
469.05593
469.04100
468.99622
468.92157
468.81700
468.68247
468.51792
468.32325
468.09839
467.84322
467.55762
467.24146
466.89457
466.51679
466.10795
465.66785
465.19627
464.69299
464.15776
463.59033
462.99044
462.35778
461.69205
460.99295
460.26012
459.49322
458.69189
457.85573
456.98436
456.07734
455.13424
454.15462
453.13801
452.08391
450.99183
449.86124
448.69160
447.48236
446.23293
444.94272
443.61111
442.23747
440.82115
439.36146
437.85772
436.30921
434.71518
433.07489
431.38756
429.65238
427.86853
426.03517
424.15142
422.21640
420.22919
418.18886
416.09443
413.94493
411.73934
409.47662
407.15571
404.77553
402.33494
399.83283
397.26800
394.63927
391.94542
389.18518
386.35728
383.46041
380.49322
377.45434
374.34238
371.15590
367.89343
364.55349
361.13455
357.63504
354.05339
350.38796
346.63709
342.79910
338.87226
334.85481
330.74496
326.54088
322.24071
317.84255
313.34446
308.74447
304.04058
299.23076
294.31291
289.28493
284.14467
278.88994
273.51853
268.02817
262.41657
256.68141
250.82033
244.83091
238.71074
232.45734
226.06822
219.54084
212.87263
206.06100
199.10332
191.99693
184.73915
177.32725
169.75849
162.03010
154.13929
146.08324
137.85911
129.46403
120.89512
112.14948
103.22420
94.11633
84.82294
75.34107
65.66773
55.79995
45.73474
35.46909
471.07840
471.06339
471.01836
470.94329
470.83813
470.70284
470.53735
470.34159
470.11545
469.85884
469.57163
469.25367
468.90483
468.52492
468.11377
467.67118
467.19693
466.69081
466.15256
465.58193
464.97865
464.34242
463.67294
462.96989
462.23293
461.46171
460.65586
459.81500
458.93871
458.02659
457.07819
456.09306
455.07073
454.01071
452.91249
451.77556
450.59935
449.38333
448.12689
446.82946
445.49039
444.10907
442.68483
441.21698
439.70485
438.14769
436.54479
434.89536
433.19864
431.45381
429.66006
427.81652
425.92234
423.97660
421.97841
419.92680
417.82083
415.65948
413.44176
411.16661
408.83298
406.43975
403.98583
401.47006
398.89126
396.24825
393.53977
390.76459
387.92141
385.00892
382.02577
378.97059
375.84197
372.63849
369.35866
366.00099
362.56396
359.04600
355.44551
351.76088
347.99044
344.13249
340.18531
336.14713
332.01617
327.79059
323.46852
319.04807
314.52731
309.90425
305.17690
300.34321
295.40111
290.34849
285.18319
279.90304
274.50582
268.98926
263.35108
257.58897
251.70055
245.68344
239.53520
233.25338
226.83549
220.27899
213.58134
206.73993
199.75216
192.61537
185.32688
177.88400
170.28398
162.52407
154.60149
146.51343
138.25706
129.82955
121.22801
112.44957
103.49133
94.35036
85.02376
75.50856
65.80182
55.90057
45.80184
35.50265
472.92444
472.90936
472.86409
472.78863
472.68293
472.54695
472.38061
472.18384
471.95654
471.69861
471.40992
471.09033
470.73969
470.35783
469.94457
469.49970
469.02302
468.51430
467.97329
467.39973
466.79335
466.15386
465.48094
464.77429
464.03355
463.25838
462.44840
461.60323
460.72246
459.80566
458.85241
457.86224
456.83469
455.76925
454.66542
453.52268
452.34048
451.11825
449.85541
448.55137
447.20549
445.81714
444.38565
442.91035
441.39054
439.82549
438.21445
436.55668
434.85137
433.09772
431.29491
429.44208
427.53834
425.58282
423.57458
421.51267
419.39613
417.22397
414.99515
412.70864
410.36337
407.95824
405.49212
402.96387
400.37230
397.71622
394.99439
392.20554
389.34840
386.42164
383.42390
380.35382
377.20999
373.99096
370.69527
367.32141
363.86785
360.33302
356.71534
353.01316
349.22483
345.34865
341.38289
337.32579
333.17554
328.93033
324.58827
320.14747
315.60600
310.96188
306.21310
301.35763
296.39339
291.31827
286.13013
280.82677
275.40598
269.86552
264.20309
258.41637
252.50301
246.46063
240.28679
233.97905
227.53491
220.95186
214.22734
207.35878
200.34357
193.17905
185.86257
178.39143
170.76291
162.97426
155.02271
146.90547
138.61972
130.16263
121.53135
112.72301
103.73473
94.56359
85.20671
75.66114
65.92396
55.99222
45.86296
35.53321
474.59420
474.57905
474.53357
474.45776
474.35157
474.21496
474.04785
473.85017
473.62182
473.36269
473.07266
472.75159
472.39933
472.01570
471.60052
471.15359
470.67471
470.16363
469.62011
469.04390
468.43472
467.79226
467.11624
466.40632
465.66216
464.88340
464.06968
463.22061
462.33577
461.41475
460.45710
459.46236
458.43007
457.35973
456.25082
455.10282
453.91518
452.68733
451.41869
450.10866
448.75660
447.36188
445.92384
444.44178
442.91501
441.34281
439.72441
438.05907
436.34599
434.58435
432.77333
430.91207
428.99970
427.03530
425.01796
422.94672
420.82062
418.63864
416.39978
414.10298
411.74717
409.33125
406.85409
404.31453
401.71140
399.04349
396.30956
393.50835
390.63856
387.69887
384.68793
381.60436
378.44675
375.21365
371.90359
368.51507
365.04655
361.49646
357.86321
354.14515
350.34063
346.44795
342.46537
338.39114
334.22344
329.96045
325.60030
321.14109
316.58088
311.91770
307.14954
302.27437
297.29010
292.19463
286.98581
281.66147
276.21937
270.65729
264.97292
259.16396
253.22806
247.16282
240.96584
234.63466
228.16679
221.55974
214.81094
207.91784
200.87781
193.68824
186.34647
178.84979
171.19551
163.38089
155.40317
147.25956
138.94727
130.46346
121.80531
112.96995
103.95452
94.75613
85.37188
75.79888
66.03421
56.07493
45.91811
35.56079
476.08782
476.07260
476.02694
475.95082
475.84419
475.70701
475.53921
475.34071
475.11142
474.85122
474.55999
474.23759
473.88387
473.49866
473.08177
472.63300
472.15213
471.63894
471.09319
470.51459
469.90290
469.25779
468.57898
467.86613
467.11891
466.33694
465.51987
464.66730
463.77882
462.85401
461.89242
460.89359
459.85706
458.78232
457.66886
456.51614
455.32363
454.09075
452.81691
451.50152
450.14393
448.74351
447.29958
445.81148
444.27848
442.69986
441.07488
439.40275
437.68270
435.91391
434.09554
432.22674
430.30662
428.33427
426.30878
424.22919
422.09451
419.90376
417.65590
415.34989
412.98464
410.55905
408.07200
405.52232
402.90883
400.23033
397.48557
394.67328
391.79216
388.84090
385.81814
382.72249
379.55254
376.30685
372.98393
369.58228
366.10036
362.53661
358.88942
355.15715
351.33814
347.43069
343.43306
339.34349
335.16018
330.88129
326.50495
322.02926
317.45229
312.77205
307.98655
303.09375
298.09157
292.97789
287.75058
282.40746
276.94631
271.36488
265.66090
259.83205
253.87598
247.79031
241.57263
235.22049
228.73142
222.10290
215.33241
208.41736
201.35516
194.14319
186.77880
179.25931
171.58201
163.74418
155.74306
147.57589
139.23987
130.73219
122.05001
113.19051
104.15081
94.92806
85.51937
75.92185
66.13261
56.14874
45.96731
35.58539
477.40543
477.39015
477.34432
477.26792
477.16091
477.02323
476.85482
476.65560
476.42547
476.16432
475.87204
475.54847
475.19346
474.80685
474.38844
473.93804
473.45543
472.94038
472.39264
471.81195
471.19803
470.55058
469.86931
469.15387
468.40394
467.61914
466.79911
465.94345
465.05175
464.12359
463.15852
462.15608
461.11580
460.03717
458.91969
457.76282
456.56600
455.32868
454.05025
452.73011
451.36764
449.96218
448.51306
447.01961
445.48111
443.89683
442.26602
440.58791
438.86171
437.08660
435.26174
433.38627
431.45931
429.47995
427.44725
425.36028
423.21804
421.01953
418.76373
416.44957
414.07599
411.64187
409.14608
406.58747
403.96483
401.27697
398.52264
395.70057
392.80946
389.84799
386.81479
383.70847
380.52763
377.27081
373.93654
370.52330
367.02957
363.45375
359.79425
356.04944
352.21764
348.29715
344.28624
340.18314
335.98604
331.69312
327.30249
322.81226
318.22050
313.52522
308.72442
303.81606
298.79807
293.66833
288.42471
283.06503
277.58706
271.98858
266.26730
260.42090
254.44705
248.34337
242.10743
235.73682
229.22904
222.58160
215.79196
208.85757
201.77583
194.54412
187.15979
179.62018
171.92259
164.06430
156.04256
147.85462
139.49768
130.96895
122.26560
113.38481
104.32372
95.07948
85.64923
76.03009
66.21919
56.21365
46.01056
35.60700
478.54712
478.53180
478.48583
478.40919
478.30184
478.16372
477.99478
477.79494
477.56409
477.30212
477.00892
476.68433
476.32821
475.94038
475.52066
475.06884
474.58472
474.06805
473.51859
472.93607
472.32023
471.67075
470.98734
470.26966
469.51738
468.73012
467.90752
467.04918
466.15469
465.22362
464.25554
463.24997
462.20643
461.12444
460.00347
458.84298
457.64243
456.40125
455.11884
453.79459
452.42788
451.01805
449.56443
448.06634
446.52307
444.93388
443.29802
441.61472
439.88318
438.10258
436.27209
434.39084
432.45794
430.47250
428.43356
426.34018
424.19138
421.98615
419.72345
417.40224
415.02143
412.57991
410.07654
407.51017
404.87961
402.18364
399.42101
396.59046
393.69068
390.72034
387.67809
384.56253
381.37224
378.10578
374.76167
371.33838
367.83439
364.24812
360.57796
356.82227
352.97938
349.04759
345.02516
340.91033
336.70129
332.39620
327.99319
323.49036
318.88577
314.17745
309.36339
304.44155
299.40986
294.26621
289.00845
283.63442
278.14189
272.52863
266.79236
260.93076
254.94151
248.82221
242.57047
236.18385
229.65987
222.99604
216.18983
209.23868
202.14001
194.89120
187.48962
179.93259
172.21742
164.34141
156.30182
148.09589
139.72084
131.17387
122.45219
113.55295
104.47332
95.21046
85.76152
76.12364
66.29396
56.26965
46.04784
35.62561
479.51301
479.49765
479.45156
479.37471
479.26707
479.12859
478.95921
478.75883
478.52737
478.26471
477.97072
477.64528
477.28821
476.89935
476.47852
476.02550
475.54009
475.02206
474.47114
473.88708
473.26961
472.61841
471.93319
471.21361
470.45933
469.67000
468.84522
467.98461
467.08776
466.15423
465.18359
464.17536
463.12908
462.04423
460.92030
459.75676
458.55305
457.30860
456.02282
454.69509
453.32478
451.91125
450.45383
448.95181
447.40449
445.81114
444.17101
442.48331
440.74725
438.96201
437.12675
435.24060
433.30268
431.31208
429.26786
427.16906
425.01470
422.80377
420.53524
418.20805
415.82112
413.37333
410.86356
408.29062
405.65335
402.95051
400.18086
397.34312
394.43600
391.45817
388.40825
385.28486
382.08658
378.81195
375.45951
372.02772
368.51505
364.91993
361.24073
357.47584
353.62357
349.68221
345.65004
341.52528
337.30613
332.99074
328.57725
324.06376
319.44832
314.72896
309.90369
304.97044
299.92716
294.77174
289.50202
284.11585
278.61100
272.98524
267.23629
261.36184
255.35955
249.22705
242.96194
236.56178
230.02410
223.34641
216.52618
209.56087
202.44788
195.18461
187.76843
180.19667
172.46665
164.57566
156.52096
148.29982
139.90945
131.34707
122.60987
113.69503
104.59971
95.32108
85.85630
76.20252
66.35692
56.31671
46.07906
35.64116
480.30318
480.28778
480.24159
480.16457
480.05670
479.91792
479.74817
479.54736
479.31539
479.05216
478.75754
478.43139
478.07355
477.68385
477.26211
476.80811
476.32165
475.80249
475.25038
474.66506
474.04625
473.39365
472.70694
471.98581
471.22990
470.43886
469.61230
468.74983
467.85105
466.91551
465.94277
464.93237
463.88383
462.79665
461.67030
460.50426
459.29796
458.05083
456.76229
455.43171
454.05847
452.64190
451.18136
449.67612
448.12550
446.52874
444.88510
443.19380
441.45404
439.66500
437.82584
435.93569
433.99366
431.99883
429.95029
427.84705
425.68814
423.47255
421.19924
418.86716
416.47522
414.02230
411.50727
408.92897
406.28619
403.57773
400.80233
397.95872
395.04560
392.06162
389.00543
385.87563
382.67081
379.38950
376.03023
372.59149
369.07171
365.46934
361.78277
358.01034
354.15038
350.20120
346.16106
342.02817
337.80074
333.47693
329.05487
324.53265
319.90834
315.17995
310.34550
305.40292
300.35016
295.18510
289.90561
284.50950
278.99457
273.35858
267.59926
261.71429
255.70135
249.55805
243.28200
236.87077
230.32189
223.63286
216.80118
209.82427
202.69958
195.42449
187.99637
180.41256
172.67039
164.76715
156.70011
148.46653
140.06363
131.48864
122.73874
113.81113
104.70296
95.41141
85.93362
76.26677
66.40806
56.35473
46.10410
35.65350
480.91768
480.90226
480.85599
480.77884
480.67079
480.53178
480.36174
480.16059
479.92823
479.66456
479.36944
479.04274
478.68430
478.29395
477.87149
477.41673
476.92945
476.40942
475.85638
475.27008
474.65023
473.99653
473.30867
472.58633
471.82915
471.03678
470.20884
469.34493
468.44463
467.50753
466.53316
465.52107
464.47078
463.38177
462.25354
461.08555
459.87724
458.62803
457.33734
456.00454
454.62901
453.21009
451.74711
450.23938
448.68618
447.08678
445.44041
443.74631
442.00367
440.21167
438.36947
436.47620
434.53097
432.53286
430.48095
428.37426
426.21181
423.99259
421.71557
419.37968
416.98383
414.52693
412.00781
409.42533
406.77828
404.06544
401.28557
398.43739
395.51958
392.53083
389.46976
386.33498
383.12506
379.83856
376.47398
373.02982
369.50453
365.89652
362.20419
358.42590
354.55998
350.60471
346.55836
342.41915
338.18529
333.85493
329.42620
324.89719
320.26597
315.53057
310.68897
305.73914
300.67900
295.50645
290.21935
284.81552
279.29275
273.64881
267.88142
261.98828
255.96705
249.81536
243.53080
237.11096
230.55337
223.85553
217.01493
210.02902
202.89523
195.61094
188.17354
180.58037
172.82875
164.91599
156.83935
148.59609
140.18346
131.59865
122.83888
113.90133
104.78315
95.48151
85.99355
76.31643
66.44736
56.38361
46.12267
35.66228
481.35657
481.34113
481.29480
481.21757
481.10939
480.97021
480.79996
480.59857
480.36594
480.10195
479.80648
479.47939
479.12051
478.72969
478.30673
477.85142
477.36356
476.84290
476.28920
475.70220
475.08160
474.42712
473.73844
473.01523
472.25715
471.46383
470.63490
469.76995
468.86858
467.93035
466.95482
465.94153
464.88998
463.79967
462.67010
461.50072
460.29097
459.04027
457.74804
456.41366
455.03650
453.61589
452.15118
450.64166
449.08661
447.48532
445.83701
444.14090
442.39621
440.60209
438.75772
436.86222
434.91471
432.91425
430.85993
428.75077
426.58579
424.36398
422.08430
419.74569
417.34707
414.88731
412.36527
409.77980
407.12970
404.41374
401.63067
398.77922
395.85808
392.86591
389.80135
386.66301
383.44945
380.15924
376.79087
373.34284
369.81360
366.20157
362.50514
358.72266
354.85246
350.89285
346.84206
342.69834
338.45988
334.12484
329.69135
325.15749
320.52134
315.78092
310.93422
305.97921
300.91381
295.73591
290.44337
285.03402
279.50566
273.85604
268.08289
262.18391
256.15676
249.99907
243.70844
237.28245
230.71864
224.01451
217.16754
210.17520
203.03491
195.74406
188.30003
180.70018
172.94181
165.02225
156.93875
148.68859
140.26900
131.67719
122.91036
113.96569
104.84035
95.53147
86.03619
76.35161
66.47488
56.40322
46.13423
35.66650
481.61989
481.60444
481.55808
481.48079
481.37253
481.23325
481.06288
480.86135
480.62854
480.36437
480.06868
479.74136
479.38222
478.99112
478.56785
478.11222
477.62401
477.10298
476.54888
475.96145
475.34041
474.68546
473.99628
473.27256
472.51393
471.72004
470.89051
470.02495
469.12293
468.18403
467.20780
466.19378
465.14148
464.05040
462.92002
461.74980
460.53918
459.28760
457.99444
456.65911
455.28097
453.85935
452.39359
450.88300
449.32685
447.72442
446.07494
444.37763
442.63170
440.83632
438.99065
437.09381
435.14492
433.14306
431.08729
428.97666
426.81016
424.58679
422.30552
419.96528
417.56498
415.10351
412.57972
409.99246
407.34052
404.62268
401.83770
398.98429
396.06114
393.06693
390.00027
386.85979
383.64406
380.35161
376.98097
373.53062
369.99901
366.38456
362.68567
358.90068
355.02792
351.06569
347.01225
342.86583
338.62461
334.28676
329.85040
325.31364
320.67453
315.93110
311.08134
306.12322
301.05466
295.87355
290.57775
285.16509
279.63337
273.98034
268.20374
262.30125
256.27055
250.10926
243.81500
237.38532
230.81777
224.10986
217.25908
210.26288
203.11869
195.82391
188.37590
180.77204
173.00963
165.08598
156.99837
148.74407
140.32030
131.72429
122.95322
114.00429
104.87463
95.56139
86.06166
76.37249
66.49087
56.41371
46.13810
35.66303
481.70766
481.69221
481.64584
481.56853
481.46024
481.32093
481.15052
480.94893
480.71608
480.45184
480.15608
479.82868
479.46946
479.07826
478.65489
478.19915
477.71082
477.18967
476.63544
476.04787
475.42668
474.77157
474.08223
473.35833
472.59952
471.80544
470.97572
470.10994
469.20771
468.26859
467.29213
466.27786
465.22531
464.13397
463.00332
461.83282
460.62192
459.37003
458.07657
456.74093
455.36245
453.94050
452.47440
450.96344
449.40693
447.80412
446.15425
444.45654
442.71020
440.91440
439.06829
437.17101
435.22166
433.21933
431.16308
429.05195
426.88494
424.66106
422.37926
420.03847
417.63761
415.17557
412.65120
410.06334
407.41079
404.69233
401.90670
399.05264
396.12882
393.13393
390.06658
386.92539
383.70892
380.41574
377.04434
373.59321
370.06081
366.44556
362.74584
358.96001
355.08640
351.12331
347.06898
342.92165
338.67951
334.34072
329.90341
325.36568
320.72559
315.98115
311.13038
306.17122
301.10160
295.91942
290.62254
285.20878
279.67594
274.02177
268.24402
262.34036
256.30848
250.14599
243.85051
237.41960
230.85081
224.14165
217.28959
210.29211
203.14661
195.85052
188.40119
180.79599
173.03223
165.10722
157.01825
148.76256
140.33740
131.73998
122.96751
114.01715
104.88606
95.57136
86.07013
76.37938
66.49594
56.41620
46.13498
35.64107
