16
8
115.83204
115.68317
115.23085
114.45764
113.33369
111.81536
109.84333
107.33964
104.20372
100.30637
95.48087
89.50839
82.09177
72.79849
60.89730
44.71424
194.52950
194.24393
193.37627
191.89311
189.73726
186.82518
183.04332
178.24274
172.23147
164.76373
155.52372
144.10064
129.94720
112.30707
90.08552
61.65870
260.58519
260.17391
258.92429
256.78840
253.68415
249.49188
244.04916
237.14361
228.50282
217.78045
204.53676
188.21035
168.07642
143.18419
112.26612
73.62214
314.25056
313.72932
312.14568
309.43915
305.50619
300.19613
293.30495
284.56685
273.64283
260.10561
243.41964
222.91470
197.75104
166.87425
128.95974
82.35086
355.74553
355.13424
353.27709
350.10342
345.49244
339.26860
331.19476
320.96312
308.18317
292.36662
272.90859
249.06487
219.92590
184.38916
141.13484
88.60866
385.25021
384.57211
382.51212
378.99212
373.87868
366.97816
358.02950
346.69480
332.54721
315.05624
293.57032
267.29742
235.28563
196.40875
149.36891
92.73606
402.89817
402.17900
399.99428
396.26135
390.83912
383.52296
374.03739
362.02646
347.04175
328.52792
305.80613
278.05597
244.29755
203.37841
153.98310
94.75379
408.77159
408.03856
405.81175
402.00698
396.48060
389.02429
379.35775
367.11902
351.85252
332.99467
309.85743
281.60990
247.25731
205.61135
155.21838
94.08310
